1 1 48450
1 2 28894
1 3 2075
1 4 1527
1 5 2550
1 6 3746
1 7 2071
1 8 1840
1 9 1078
1 10 691
1 11 1098
1 12 1071
1 13 701
1 14 897
1 15 609
1 16 735
1 17 757
1 18 702
1 19 538
1 20 551
1 21 564
1 22 467
1 23 529
1 24 593
1 25 733
1 26 961
1 27 1098
1 28 1035
1 29 290
1 30 192
1 31 63
1 32 0
1 33 0
1 34 0
1 35 0
1 36 0
1 37 0
1 38 542
1 39 587
1 40 357
1 41 295
1 42 305
1 43 293
1 44 375
1 45 363
1 46 353
1 47 260
1 48 396
1 49 341
1 50 192
1 51 193
1 52 331
1 53 189
1 54 306
1 55 202
1 56 134
1 57 151
1 58 204
1 59 290
1 60 376
1 61 233
1 62 178
1 63 204
1 64 168
1 65 265
1 66 303
1 67 255
1 68 332
1 69 337
1 70 236
1 71 191
1 72 117
1 73 107
1 74 115
1 75 202
1 76 119
1 77 193
1 78 214
1 79 158
1 80 255
1 81 119
1 82 116
1 83 120
1 84 97
1 85 168
1 86 184
1 87 252
1 88 247
1 89 194
1 90 181
1 91 172
1 92 169
1 93 297
1 94 223
1 95 209
1 96 152
1 97 192
1 98 173
1 99 83
1 100 91
1 101 106
1 102 89
1 103 84
1 104 173
1 105 112
1 106 189
1 107 162
1 108 153
1 109 148
1 110 151
1 111 194
1 112 147
1 113 201
1 114 159
1 115 228
1 116 154
1 117 109
1 118 83
1 119 138
1 120 171
1 121 154
1 122 178
1 123 157
1 124 133
1 125 64
1 126 61
1 127 74
1 128 74
1 129 50
1 130 86
1 131 142
1 132 117
1 133 125
1 134 82
1 135 132
1 136 152
1 137 114
1 138 58
1 139 72
1 140 63
1 141 62
1 142 73
1 143 158
1 144 131
1 145 115
1 146 128
1 147 90
1 148 69
1 149 127
1 150 198
1 151 68
1 152 78
1 153 97
1 154 189
1 155 319
1 156 585
1 157 37
2 1 28894
2 2 46754
2 3 8967
2 4 5189
2 5 8117
2 6 5787
2 7 2800
2 8 2424
2 9 2290
2 10 1594
2 11 1816
2 12 1588
2 13 1089
2 14 1167
2 15 880
2 16 862
2 17 893
2 18 653
2 19 398
2 20 406
2 21 571
2 22 526
2 23 657
2 24 650
2 25 648
2 26 831
2 27 1423
2 28 1507
2 29 508
2 30 341
2 31 86
2 32 0
2 33 0
2 34 0
2 35 0
2 36 0
2 37 0
2 38 680
2 39 566
2 40 336
2 41 249
2 42 204
2 43 215
2 44 256
2 45 351
2 46 310
2 47 307
2 48 463
2 49 478
2 50 359
2 51 339
2 52 407
2 53 280
2 54 318
2 55 275
2 56 222
2 57 273
2 58 335
2 59 433
2 60 436
2 61 361
2 62 315
2 63 332
2 64 257
2 65 326
2 66 302
2 67 319
2 68 310
2 69 378
2 70 365
2 71 289
2 72 199
2 73 192
2 74 192
2 75 220
2 76 173
2 77 182
2 78 225
2 79 230
2 80 316
2 81 203
2 82 203
2 83 193
2 84 179
2 85 221
2 86 214
2 87 240
2 88 266
2 89 225
2 90 218
2 91 221
2 92 240
2 93 207
2 94 172
2 95 226
2 96 235
2 97 241
2 98 271
2 99 144
2 100 175
2 101 160
2 102 156
2 103 157
2 104 238
2 105 135
2 106 192
2 107 118
2 108 136
2 109 135
2 110 193
2 111 165
2 112 139
2 113 134
2 114 158
2 115 178
2 116 182
2 117 135
2 118 132
2 119 151
2 120 199
2 121 175
2 122 159
2 123 186
2 124 181
2 125 101
2 126 115
2 127 117
2 128 105
2 129 100
2 130 129
2 131 118
2 132 95
2 133 115
2 134 95
2 135 138
2 136 142
2 137 99
2 138 121
2 139 93
2 140 115
2 141 88
2 142 90
2 143 135
2 144 142
2 145 131
2 146 161
2 147 128
2 148 112
2 149 144
2 150 201
2 151 91
2 152 121
2 153 121
2 154 208
2 155 215
2 156 288
2 157 23
3 1 2075
3 2 8967
3 3 28756
3 4 17127
3 5 9563
3 6 2372
3 7 1668
3 8 1606
3 9 4392
3 10 4352
3 11 2257
3 12 1245
3 13 949
3 14 800
3 15 912
3 16 609
3 17 592
3 18 283
3 19 113
3 20 123
3 21 358
3 22 392
3 23 511
3 24 424
3 25 314
3 26 259
3 27 844
3 28 1641
3 29 650
3 30 765
3 31 267
3 32 0
3 33 0
3 34 0
3 35 0
3 36 0
3 37 0
3 38 466
3 39 261
3 40 138
3 41 94
3 42 43
3 43 54
3 44 50
3 45 115
3 46 108
3 47 201
3 48 285
3 49 445
3 50 769
3 51 500
3 52 247
3 53 294
3 54 192
3 55 244
3 56 435
3 57 657
3 58 513
3 59 349
3 60 265
3 61 335
3 62 296
3 63 273
3 64 271
3 65 193
3 66 214
3 67 222
3 68 103
3 69 124
3 70 278
3 71 360
3 72 454
3 73 342
3 74 253
3 75 163
3 76 138
3 77 131
3 78 128
3 79 173
3 80 285
3 81 404
3 82 435
3 83 211
3 84 181
3 85 151
3 86 159
3 87 94
3 88 83
3 89 172
3 90 228
3 91 199
3 92 155
3 93 41
3 94 29
3 95 138
3 96 147
3 97 175
3 98 199
3 99 292
3 100 313
3 101 317
3 102 333
3 103 307
3 104 173
3 105 71
3 106 103
3 107 44
3 108 40
3 109 64
3 110 122
3 111 69
3 112 37
3 113 23
3 114 41
3 115 50
3 116 111
3 117 151
3 118 223
3 119 102
3 120 75
3 121 112
3 122 87
3 123 109
3 124 214
3 125 252
3 126 300
3 127 271
3 128 241
3 129 201
3 130 131
3 131 60
3 132 62
3 133 41
3 134 90
3 135 86
3 136 50
3 137 139
3 138 174
3 139 188
3 140 181
3 141 180
3 142 124
3 143 77
3 144 97
3 145 65
3 146 56
3 147 68
3 148 135
3 149 58
3 150 91
3 151 216
3 152 221
3 153 205
3 154 161
3 155 56
3 156 94
3 157 2
4 1 1527
4 2 5189
4 3 17127
4 4 26722
4 5 14583
4 6 2872
4 7 1773
4 8 1742
4 9 4401
4 10 4256
4 11 2227
4 12 1225
4 13 978
4 14 716
4 15 868
4 16 654
4 17 549
4 18 271
4 19 102
4 20 114
4 21 344
4 22 402
4 23 475
4 24 359
4 25 288
4 26 284
4 27 796
4 28 1444
4 29 593
4 30 722
4 31 242
4 32 0
4 33 0
4 34 0
4 35 0
4 36 0
4 37 0
4 38 372
4 39 227
4 40 127
4 41 87
4 42 35
4 43 42
4 44 59
4 45 126
4 46 116
4 47 184
4 48 263
4 49 401
4 50 656
4 51 456
4 52 226
4 53 284
4 54 189
4 55 266
4 56 347
4 57 626
4 58 522
4 59 323
4 60 222
4 61 306
4 62 303
4 63 267
4 64 244
4 65 181
4 66 181
4 67 181
4 68 121
4 69 121
4 70 218
4 71 329
4 72 419
4 73 288
4 74 213
4 75 173
4 76 129
4 77 127
4 78 124
4 79 179
4 80 247
4 81 364
4 82 350
4 83 187
4 84 166
4 85 137
4 86 125
4 87 96
4 88 74
4 89 133
4 90 169
4 91 179
4 92 119
4 93 44
4 94 47
4 95 109
4 96 117
4 97 177
4 98 195
4 99 288
4 100 284
4 101 265
4 102 305
4 103 299
4 104 149
4 105 67
4 106 73
4 107 36
4 108 38
4 109 59
4 110 114
4 111 59
4 112 26
4 113 24
4 114 42
4 115 43
4 116 91
4 117 130
4 118 223
4 119 102
4 120 86
4 121 94
4 122 85
4 123 125
4 124 182
4 125 232
4 126 261
4 127 239
4 128 245
4 129 244
4 130 141
4 131 65
4 132 59
4 133 37
4 134 73
4 135 78
4 136 60
4 137 120
4 138 190
4 139 174
4 140 196
4 141 168
4 142 113
4 143 74
4 144 77
4 145 51
4 146 43
4 147 74
4 148 100
4 149 54
4 150 84
4 151 141
4 152 164
4 153 172
4 154 131
4 155 62
4 156 63
4 157 5
5 1 2550
5 2 8117
5 3 9563
5 4 14583
5 5 43981
5 6 12931
5 7 3860
5 8 3396
5 9 5055
5 10 3244
5 11 2947
5 12 2174
5 13 1608
5 14 1327
5 15 1245
5 16 1009
5 17 919
5 18 412
5 19 186
5 20 187
5 21 511
5 22 644
5 23 796
5 24 754
5 25 505
5 26 397
5 27 1351
5 28 1824
5 29 587
5 30 458
5 31 131
5 32 0
5 33 0
5 34 0
5 35 0
5 36 0
5 37 0
5 38 554
5 39 390
5 40 219
5 41 142
5 42 83
5 43 82
5 44 100
5 45 228
5 46 189
5 47 287
5 48 446
5 49 578
5 50 601
5 51 497
5 52 321
5 53 319
5 54 314
5 55 317
5 56 354
5 57 484
5 58 489
5 59 516
5 60 482
5 61 484
5 62 474
5 63 432
5 64 429
5 65 349
5 66 311
5 67 317
5 68 198
5 69 240
5 70 354
5 71 331
5 72 296
5 73 287
5 74 213
5 75 253
5 76 206
5 77 191
5 78 197
5 79 262
5 80 304
5 81 292
5 82 318
5 83 276
5 84 211
5 85 240
5 86 223
5 87 145
5 88 148
5 89 253
5 90 210
5 91 260
5 92 244
5 93 74
5 94 70
5 95 198
5 96 271
5 97 257
5 98 238
5 99 206
5 100 231
5 101 239
5 102 192
5 103 210
5 104 202
5 105 103
5 106 141
5 107 59
5 108 55
5 109 94
5 110 170
5 111 103
5 112 43
5 113 51
5 114 54
5 115 74
5 116 184
5 117 199
5 118 215
5 119 145
5 120 121
5 121 163
5 122 152
5 123 181
5 124 192
5 125 169
5 126 131
5 127 145
5 128 148
5 129 127
5 130 114
5 131 70
5 132 77
5 133 56
5 134 113
5 135 134
5 136 90
5 137 139
5 138 138
5 139 131
5 140 152
5 141 138
5 142 142
5 143 98
5 144 115
5 145 75
5 146 78
5 147 121
5 148 134
5 149 79
5 150 118
5 151 128
5 152 132
5 153 126
5 154 139
5 155 92
5 156 80
5 157 6
6 1 3746
6 2 5787
6 3 2372
6 4 2872
6 5 12931
6 6 59093
6 7 29718
6 8 8245
6 9 2483
6 10 1151
6 11 1813
6 12 1557
6 13 1003
6 14 1491
6 15 788
6 16 1117
6 17 1125
6 18 1074
6 19 895
6 20 900
6 21 717
6 22 594
6 23 618
6 24 713
6 25 1063
6 26 1509
6 27 1341
6 28 1075
6 29 290
6 30 154
6 31 60
6 32 0
6 33 0
6 34 0
6 35 0
6 36 0
6 37 0
6 38 545
6 39 703
6 40 381
6 41 373
6 42 377
6 43 345
6 44 477
6 45 415
6 46 407
6 47 311
6 48 403
6 49 355
6 50 158
6 51 214
6 52 431
6 53 219
6 54 368
6 55 222
6 56 118
6 57 157
6 58 218
6 59 332
6 60 434
6 61 205
6 62 171
6 63 216
6 64 170
6 65 274
6 66 353
6 67 269
6 68 390
6 69 362
6 70 188
6 71 161
6 72 96
6 73 101
6 74 119
6 75 203
6 76 114
6 77 214
6 78 202
6 79 137
6 80 253
6 81 95
6 82 93
6 83 118
6 84 81
6 85 160
6 86 179
6 87 292
6 88 335
6 89 156
6 90 159
6 91 169
6 92 160
6 93 289
6 94 254
6 95 197
6 96 152
6 97 174
6 98 167
6 99 69
6 100 92
6 101 69
6 102 57
6 103 68
6 104 176
6 105 123
6 106 165
6 107 178
6 108 173
6 109 186
6 110 135
6 111 221
6 112 167
6 113 196
6 114 193
6 115 238
6 116 146
6 117 82
6 118 62
6 119 143
6 120 184
6 121 160
6 122 145
6 123 168
6 124 105
6 125 55
6 126 42
6 127 60
6 128 49
6 129 37
6 130 78
6 131 161
6 132 135
6 133 146
6 134 72
6 135 125
6 136 172
6 137 98
6 138 46
6 139 47
6 140 46
6 141 49
6 142 78
6 143 145
6 144 113
6 145 101
6 146 121
6 147 93
6 148 58
6 149 148
6 150 160
6 151 48
6 152 32
6 153 60
6 154 113
6 155 205
6 156 231
6 157 10
7 1 2071
7 2 2800
7 3 1668
7 4 1773
7 5 3860
7 6 29718
7 7 64327
7 8 36226
7 9 6462
7 10 2129
7 11 2842
7 12 2038
7 13 1308
7 14 1646
7 15 926
7 16 1151
7 17 1159
7 18 1249
7 19 863
7 20 793
7 21 836
7 22 706
7 23 786
7 24 795
7 25 958
7 26 1246
7 27 1164
7 28 1107
7 29 335
7 30 228
7 31 66
7 32 0
7 33 0
7 34 0
7 35 0
7 36 0
7 37 0
7 38 525
7 39 592
7 40 405
7 41 377
7 42 369
7 43 360
7 44 414
7 45 431
7 46 390
7 47 388
7 48 406
7 49 395
7 50 210
7 51 263
7 52 417
7 53 268
7 54 372
7 55 269
7 56 183
7 57 215
7 58 242
7 59 349
7 60 356
7 61 282
7 62 217
7 63 255
7 64 217
7 65 272
7 66 352
7 67 275
7 68 313
7 69 385
7 70 244
7 71 174
7 72 128
7 73 120
7 74 143
7 75 225
7 76 130
7 77 199
7 78 243
7 79 167
7 80 220
7 81 121
7 82 140
7 83 161
7 84 139
7 85 173
7 86 235
7 87 273
7 88 253
7 89 152
7 90 171
7 91 162
7 92 153
7 93 269
7 94 215
7 95 196
7 96 166
7 97 189
7 98 174
7 99 91
7 100 89
7 101 96
7 102 94
7 103 72
7 104 178
7 105 114
7 106 202
7 107 178
7 108 191
7 109 174
7 110 138
7 111 162
7 112 181
7 113 196
7 114 198
7 115 271
7 116 161
7 117 97
7 118 79
7 119 151
7 120 167
7 121 144
7 122 147
7 123 158
7 124 115
7 125 59
7 126 58
7 127 65
7 128 69
7 129 50
7 130 87
7 131 128
7 132 126
7 133 153
7 134 92
7 135 119
7 136 164
7 137 101
7 138 61
7 139 52
7 140 64
7 141 60
7 142 72
7 143 132
7 144 102
7 145 101
7 146 112
7 147 111
7 148 63
7 149 127
7 150 137
7 151 59
7 152 43
7 153 62
7 154 116
7 155 203
7 156 201
7 157 8
8 1 1840
8 2 2424
8 3 1606
8 4 1742
8 5 3396
8 6 8245
8 7 36226
8 8 70118
8 9 13042
8 10 2888
8 11 3654
8 12 2649
8 13 1619
8 14 2031
8 15 1099
8 16 1445
8 17 1344
8 18 1179
8 19 815
8 20 785
8 21 872
8 22 719
8 23 796
8 24 899
8 25 968
8 26 1074
8 27 1276
8 28 1266
8 29 396
8 30 245
8 31 59
8 32 0
8 33 0
8 34 0
8 35 0
8 36 0
8 37 0
8 38 529
8 39 509
8 40 325
8 41 318
8 42 246
8 43 252
8 44 318
8 45 350
8 46 363
8 47 323
8 48 394
8 49 425
8 50 275
8 51 284
8 52 485
8 53 268
8 54 441
8 55 291
8 56 184
8 57 190
8 58 296
8 59 337
8 60 472
8 61 303
8 62 248
8 63 301
8 64 209
8 65 321
8 66 342
8 67 306
8 68 353
8 69 368
8 70 264
8 71 180
8 72 132
8 73 126
8 74 147
8 75 293
8 76 147
8 77 242
8 78 246
8 79 175
8 80 235
8 81 144
8 82 170
8 83 159
8 84 155
8 85 200
8 86 228
8 87 260
8 88 248
8 89 152
8 90 187
8 91 173
8 92 164
8 93 300
8 94 231
8 95 217
8 96 163
8 97 208
8 98 202
8 99 87
8 100 112
8 101 125
8 102 96
8 103 94
8 104 162
8 105 103
8 106 185
8 107 159
8 108 146
8 109 154
8 110 133
8 111 139
8 112 135
8 113 144
8 114 154
8 115 261
8 116 190
8 117 110
8 118 93
8 119 184
8 120 175
8 121 142
8 122 118
8 123 167
8 124 108
8 125 64
8 126 86
8 127 85
8 128 79
8 129 57
8 130 87
8 131 146
8 132 144
8 133 134
8 134 70
8 135 120
8 136 147
8 137 105
8 138 55
8 139 67
8 140 72
8 141 72
8 142 82
8 143 153
8 144 118
8 145 103
8 146 116
8 147 124
8 148 74
8 149 146
8 150 187
8 151 65
8 152 58
8 153 68
8 154 122
8 155 169
8 156 161
8 157 16
9 1 1078
9 2 2290
9 3 4392
9 4 4401
9 5 5055
9 6 2483
9 7 6462
9 8 13042
9 9 34487
9 10 16523
9 11 9047
9 12 4145
9 13 2591
9 14 1933
9 15 1890
9 16 1263
9 17 1245
9 18 523
9 19 201
9 20 198
9 21 614
9 22 710
9 23 900
9 24 799
9 25 522
9 26 388
9 27 1381
9 28 2146
9 29 748
9 30 694
9 31 187
9 32 0
9 33 0
9 34 0
9 35 0
9 36 0
9 37 0
9 38 503
9 39 338
9 40 193
9 41 134
9 42 65
9 43 53
9 44 102
9 45 180
9 46 162
9 47 264
9 48 368
9 49 564
9 50 733
9 51 568
9 52 317
9 53 340
9 54 265
9 55 346
9 56 418
9 57 590
9 58 558
9 59 488
9 60 376
9 61 431
9 62 380
9 63 388
9 64 345
9 65 299
9 66 251
9 67 254
9 68 158
9 69 189
9 70 356
9 71 372
9 72 381
9 73 354
9 74 269
9 75 252
9 76 177
9 77 177
9 78 156
9 79 264
9 80 287
9 81 347
9 82 362
9 83 233
9 84 202
9 85 234
9 86 189
9 87 124
9 88 109
9 89 200
9 90 239
9 91 264
9 92 197
9 93 65
9 94 68
9 95 150
9 96 194
9 97 235
9 98 212
9 99 280
9 100 275
9 101 290
9 102 278
9 103 256
9 104 191
9 105 100
9 106 109
9 107 51
9 108 64
9 109 79
9 110 137
9 111 76
9 112 36
9 113 36
9 114 53
9 115 72
9 116 165
9 117 194
9 118 210
9 119 133
9 120 97
9 121 119
9 122 119
9 123 123
9 124 190
9 125 224
9 126 195
9 127 204
9 128 172
9 129 195
9 130 134
9 131 55
9 132 48
9 133 70
9 134 93
9 135 97
9 136 80
9 137 157
9 138 177
9 139 194
9 140 153
9 141 160
9 142 130
9 143 92
9 144 118
9 145 89
9 146 55
9 147 96
9 148 115
9 149 67
9 150 111
9 151 161
9 152 164
9 153 148
9 154 134
9 155 76
9 156 72
9 157 8
10 1 691
10 2 1594
10 3 4352
10 4 4256
10 5 3244
10 6 1151
10 7 2129
10 8 2888
10 9 16523
10 10 30103
10 11 11476
10 12 3955
10 13 2327
10 14 1622
10 15 1914
10 16 1102
10 17 1019
10 18 413
10 19 154
10 20 148
10 21 534
10 22 611
10 23 738
10 24 654
10 25 429
10 26 314
10 27 1111
10 28 1909
10 29 814
10 30 850
10 31 264
10 32 0
10 33 0
10 34 0
10 35 0
10 36 0
10 37 0
10 38 392
10 39 218
10 40 128
10 41 86
10 42 43
10 43 45
10 44 61
10 45 122
10 46 118
10 47 229
10 48 278
10 49 420
10 50 724
10 51 527
10 52 217
10 53 291
10 54 185
10 55 228
10 56 350
10 57 637
10 58 500
10 59 328
10 60 242
10 61 331
10 62 307
10 63 259
10 64 254
10 65 168
10 66 170
10 67 186
10 68 108
10 69 113
10 70 257
10 71 399
10 72 406
10 73 317
10 74 258
10 75 160
10 76 153
10 77 122
10 78 97
10 79 187
10 80 241
10 81 387
10 82 353
10 83 187
10 84 162
10 85 143
10 86 120
10 87 93
10 88 89
10 89 177
10 90 183
10 91 207
10 92 126
10 93 36
10 94 28
10 95 99
10 96 137
10 97 169
10 98 226
10 99 291
10 100 301
10 101 296
10 102 290
10 103 309
10 104 158
10 105 73
10 106 89
10 107 31
10 108 33
10 109 49
10 110 105
10 111 57
10 112 22
10 113 25
10 114 36
10 115 39
10 116 73
10 117 141
10 118 201
10 119 87
10 120 73
10 121 89
10 122 81
10 123 84
10 124 201
10 125 252
10 126 252
10 127 230
10 128 254
10 129 179
10 130 120
10 131 58
10 132 59
10 133 43
10 134 84
10 135 87
10 136 44
10 137 112
10 138 166
10 139 173
10 140 193
10 141 165
10 142 117
10 143 62
10 144 76
10 145 60
10 146 56
10 147 79
10 148 109
10 149 48
10 150 82
10 151 183
10 152 201
10 153 199
10 154 150
10 155 50
10 156 59
10 157 3
11 1 1098
11 2 1816
11 3 2257
11 4 2227
11 5 2947
11 6 1813
11 7 2842
11 8 3654
11 9 9047
11 10 11476
11 11 41071
11 12 24250
11 13 7220
11 14 5161
11 15 3178
11 16 1997
11 17 1839
11 18 956
11 19 379
11 20 471
11 21 1006
11 22 1138
11 23 1202
11 24 1317
11 25 890
11 26 655
11 27 1841
11 28 2172
11 29 678
11 30 452
11 31 131
11 32 0
11 33 0
11 34 0
11 35 0
11 36 0
11 37 0
11 38 490
11 39 377
11 40 211
11 41 121
11 42 89
11 43 79
11 44 119
11 45 214
11 46 194
11 47 264
11 48 403
11 49 579
11 50 505
11 51 443
11 52 320
11 53 292
11 54 284
11 55 263
11 56 285
11 57 381
11 58 402
11 59 445
11 60 424
11 61 416
11 62 374
11 63 384
11 64 341
11 65 305
11 66 300
11 67 280
11 68 188
11 69 230
11 70 296
11 71 280
11 72 285
11 73 218
11 74 195
11 75 176
11 76 178
11 77 166
11 78 192
11 79 242
11 80 309
11 81 237
11 82 257
11 83 236
11 84 165
11 85 197
11 86 227
11 87 161
11 88 164
11 89 229
11 90 242
11 91 221
11 92 186
11 93 80
11 94 75
11 95 185
11 96 217
11 97 270
11 98 189
11 99 177
11 100 178
11 101 209
11 102 161
11 103 155
11 104 212
11 105 120
11 106 106
11 107 54
11 108 58
11 109 88
11 110 146
11 111 96
11 112 50
11 113 56
11 114 64
11 115 82
11 116 111
11 117 155
11 118 123
11 119 151
11 120 119
11 121 133
11 122 123
11 123 124
11 124 138
11 125 92
11 126 103
11 127 107
11 128 112
11 129 93
11 130 100
11 131 55
11 132 63
11 133 61
11 134 111
11 135 90
11 136 79
11 137 110
11 138 106
11 139 104
11 140 95
11 141 100
11 142 81
11 143 92
11 144 96
11 145 115
11 146 82
11 147 95
11 148 104
11 149 75
11 150 136
11 151 120
11 152 107
11 153 118
11 154 165
11 155 78
11 156 92
11 157 9
12 1 1071
12 2 1588
12 3 1245
12 4 1225
12 5 2174
12 6 1557
12 7 2038
12 8 2649
12 9 4145
12 10 3955
12 11 24250
12 12 55948
12 13 34311
12 14 14346
12 15 5930
12 16 2911
12 17 2789
12 18 1502
12 19 550
12 20 685
12 21 1382
12 22 1351
12 23 1537
12 24 1543
12 25 1074
12 26 809
12 27 1997
12 28 1784
12 29 503
12 30 289
12 31 63
12 32 0
12 33 0
12 34 0
12 35 0
12 36 0
12 37 0
12 38 501
12 39 395
12 40 255
12 41 184
12 42 126
12 43 128
12 44 177
12 45 254
12 46 248
12 47 293
12 48 471
12 49 526
12 50 386
12 51 345
12 52 353
12 53 313
12 54 297
12 55 270
12 56 208
12 57 285
12 58 357
12 59 434
12 60 492
12 61 417
12 62 416
12 63 423
12 64 354
12 65 352
12 66 319
12 67 296
12 68 261
12 69 252
12 70 295
12 71 259
12 72 205
12 73 196
12 74 184
12 75 238
12 76 157
12 77 221
12 78 201
12 79 245
12 80 234
12 81 180
12 82 194
12 83 215
12 84 187
12 85 240
12 86 263
12 87 213
12 88 198
12 89 205
12 90 202
12 91 225
12 92 236
12 93 120
12 94 99
12 95 206
12 96 245
12 97 264
12 98 181
12 99 117
12 100 145
12 101 125
12 102 100
12 103 97
12 104 177
12 105 111
12 106 147
12 107 64
12 108 77
12 109 111
12 110 189
12 111 143
12 112 61
12 113 78
12 114 98
12 115 98
12 116 144
12 117 150
12 118 134
12 119 144
12 120 118
12 121 145
12 122 137
12 123 130
12 124 126
12 125 77
12 126 75
12 127 70
12 128 56
12 129 66
12 130 85
12 131 63
12 132 63
12 133 67
12 134 103
12 135 101
12 136 106
12 137 102
12 138 75
12 139 78
12 140 69
12 141 88
12 142 75
12 143 92
12 144 117
12 145 69
12 146 82
12 147 117
12 148 112
12 149 92
12 150 126
12 151 86
12 152 73
12 153 91
12 154 118
12 155 79
12 156 113
12 157 6
13 1 701
13 2 1089
13 3 949
13 4 978
13 5 1608
13 6 1003
13 7 1308
13 8 1619
13 9 2591
13 10 2327
13 11 7220
13 12 34311
13 13 45880
13 14 19585
13 15 6775
13 16 2703
13 17 2491
13 18 1398
13 19 477
13 20 473
13 21 1040
13 22 1146
13 23 1292
13 24 1230
13 25 857
13 26 522
13 27 1501
13 28 1441
13 29 371
13 30 247
13 31 65
13 32 0
13 33 0
13 34 0
13 35 0
13 36 0
13 37 0
13 38 387
13 39 304
13 40 227
13 41 155
13 42 101
13 43 106
13 44 131
13 45 220
13 46 179
13 47 246
13 48 366
13 49 464
13 50 341
13 51 335
13 52 280
13 53 277
13 54 256
13 55 200
13 56 171
13 57 232
13 58 262
13 59 399
13 60 368
13 61 388
13 62 318
13 63 346
13 64 313
13 65 271
13 66 264
13 67 211
13 68 184
13 69 160
13 70 288
13 71 223
13 72 182
13 73 182
13 74 161
13 75 195
13 76 139
13 77 147
13 78 168
13 79 243
13 80 200
13 81 152
13 82 178
13 83 181
13 84 147
13 85 224
13 86 224
13 87 157
13 88 145
13 89 163
13 90 179
13 91 178
13 92 184
13 93 94
13 94 64
13 95 173
13 96 191
13 97 197
13 98 154
13 99 90
13 100 109
13 101 102
13 102 95
13 103 73
13 104 145
13 105 77
13 106 104
13 107 58
13 108 70
13 109 101
13 110 153
13 111 97
13 112 50
13 113 51
13 114 56
13 115 77
13 116 138
13 117 145
13 118 106
13 119 129
13 120 100
13 121 101
13 122 123
13 123 116
13 124 95
13 125 75
13 126 66
13 127 45
13 128 77
13 129 63
13 130 71
13 131 37
13 132 32
13 133 55
13 134 81
13 135 107
13 136 96
13 137 89
13 138 61
13 139 56
13 140 54
13 141 84
13 142 94
13 143 90
13 144 92
13 145 91
13 146 79
13 147 91
13 148 98
13 149 71
13 150 77
13 151 56
13 152 71
13 153 69
13 154 71
13 155 72
13 156 63
13 157 1
14 1 897
14 2 1167
14 3 800
14 4 716
14 5 1327
14 6 1491
14 7 1646
14 8 2031
14 9 1933
14 10 1622
14 11 5161
14 12 14346
14 13 19585
14 14 69982
14 15 17189
14 16 5711
14 17 4966
14 18 2960
14 19 1153
14 20 1093
14 21 1570
14 22 1429
14 23 1547
14 24 1419
14 25 1148
14 26 977
14 27 1559
14 28 1319
14 29 328
14 30 188
14 31 46
14 32 0
14 33 0
14 34 0
14 35 0
14 36 0
14 37 0
14 38 414
14 39 404
14 40 301
14 41 253
14 42 198
14 43 210
14 44 263
14 45 329
14 46 287
14 47 294
14 48 396
14 49 439
14 50 228
14 51 294
14 52 385
14 53 258
14 54 356
14 55 238
14 56 164
14 57 201
14 58 258
14 59 343
14 60 403
14 61 327
14 62 276
14 63 334
14 64 277
14 65 285
14 66 321
14 67 284
14 68 274
14 69 301
14 70 282
14 71 191
14 72 141
14 73 153
14 74 150
14 75 211
14 76 174
14 77 237
14 78 237
14 79 233
14 80 218
14 81 111
14 82 128
14 83 150
14 84 159
14 85 205
14 86 261
14 87 217
14 88 226
14 89 168
14 90 147
14 91 161
14 92 173
14 93 158
14 94 133
14 95 222
14 96 161
14 97 187
14 98 142
14 99 61
14 100 96
14 101 98
14 102 91
14 103 69
14 104 152
14 105 102
14 106 134
14 107 119
14 108 137
14 109 117
14 110 129
14 111 126
14 112 92
14 113 103
14 114 123
14 115 161
14 116 186
14 117 133
14 118 98
14 119 136
14 120 120
14 121 140
14 122 127
14 123 110
14 124 86
14 125 57
14 126 51
14 127 50
14 128 50
14 129 46
14 130 72
14 131 105
14 132 85
14 133 86
14 134 86
14 135 104
14 136 128
14 137 91
14 138 68
14 139 55
14 140 45
14 141 62
14 142 58
14 143 117
14 144 96
14 145 97
14 146 89
14 147 79
14 148 57
14 149 94
14 150 125
14 151 57
14 152 59
14 153 55
14 154 78
14 155 101
14 156 106
14 157 5
15 1 609
15 2 880
15 3 912
15 4 868
15 5 1245
15 6 788
15 7 926
15 8 1099
15 9 1890
15 10 1914
15 11 3178
15 12 5930
15 13 6775
15 14 17189
15 15 42744
15 16 21508
15 17 16914
15 18 6055
15 19 1095
15 20 793
15 21 1619
15 22 1425
15 23 1481
15 24 1293
15 25 892
15 26 634
15 27 1452
15 28 1427
15 29 411
15 30 289
15 31 95
15 32 0
15 33 0
15 34 0
15 35 0
15 36 0
15 37 0
15 38 356
15 39 313
15 40 248
15 41 193
15 42 142
15 43 171
15 44 171
15 45 240
15 46 190
15 47 271
15 48 349
15 49 436
15 50 351
15 51 286
15 52 246
15 53 258
15 54 214
15 55 201
15 56 197
15 57 235
15 58 308
15 59 338
15 60 302
15 61 328
15 62 317
15 63 319
15 64 288
15 65 248
15 66 204
15 67 215
15 68 184
15 69 204
15 70 249
15 71 258
15 72 242
15 73 181
15 74 154
15 75 188
15 76 156
15 77 135
15 78 167
15 79 206
15 80 215
15 81 147
15 82 184
15 83 177
15 84 136
15 85 226
15 86 200
15 87 152
15 88 170
15 89 216
15 90 193
15 91 181
15 92 188
15 93 88
15 94 85
15 95 152
15 96 173
15 97 169
15 98 115
15 99 93
15 100 130
15 101 114
15 102 84
15 103 89
15 104 99
15 105 78
15 106 126
15 107 71
15 108 83
15 109 100
15 110 145
15 111 128
15 112 88
15 113 74
15 114 83
15 115 68
15 116 109
15 117 103
15 118 110
15 119 109
15 120 108
15 121 99
15 122 126
15 123 97
15 124 92
15 125 79
15 126 59
15 127 61
15 128 73
15 129 61
15 130 60
15 131 71
15 132 49
15 133 53
15 134 82
15 135 80
15 136 66
15 137 101
15 138 64
15 139 61
15 140 68
15 141 52
15 142 76
15 143 59
15 144 85
15 145 65
15 146 66
15 147 76
15 148 79
15 149 66
15 150 92
15 151 74
15 152 85
15 153 91
15 154 90
15 155 78
15 156 70
15 157 4
16 1 735
16 2 862
16 3 609
16 4 654
16 5 1009
16 6 1117
16 7 1151
16 8 1445
16 9 1263
16 10 1102
16 11 1997
16 12 2911
16 13 2703
16 14 5711
16 15 21508
16 16 58331
16 17 42666
16 18 9045
16 19 2341
16 20 1430
16 21 1816
16 22 1488
16 23 1575
16 24 1330
16 25 1063
16 26 958
16 27 1313
16 28 1065
16 29 290
16 30 172
16 31 48
16 32 0
16 33 0
16 34 0
16 35 0
16 36 0
16 37 0
16 38 407
16 39 432
16 40 341
16 41 282
16 42 256
16 43 258
16 44 290
16 45 293
16 46 262
16 47 314
16 48 372
16 49 371
16 50 260
16 51 236
16 52 336
16 53 240
16 54 314
16 55 239
16 56 164
16 57 207
16 58 254
16 59 301
16 60 349
16 61 301
16 62 280
16 63 280
16 64 249
16 65 284
16 66 278
16 67 202
16 68 212
16 69 300
16 70 243
16 71 179
16 72 159
16 73 129
16 74 131
16 75 219
16 76 144
16 77 182
16 78 228
16 79 179
16 80 206
16 81 107
16 82 128
16 83 140
16 84 127
16 85 185
16 86 205
16 87 188
16 88 194
16 89 149
16 90 143
16 91 155
16 92 143
16 93 148
16 94 151
16 95 155
16 96 178
16 97 150
16 98 122
16 99 72
16 100 100
16 101 103
16 102 81
16 103 66
16 104 140
16 105 100
16 106 146
16 107 126
16 108 106
16 109 122
16 110 143
16 111 134
16 112 118
16 113 130
16 114 129
16 115 193
16 116 137
16 117 75
16 118 91
16 119 140
16 120 146
16 121 108
16 122 110
16 123 105
16 124 87
16 125 63
16 126 66
16 127 53
16 128 67
16 129 57
16 130 69
16 131 108
16 132 108
16 133 94
16 134 96
16 135 91
16 136 126
16 137 101
16 138 46
16 139 60
16 140 45
16 141 43
16 142 73
16 143 93
16 144 100
16 145 92
16 146 107
16 147 91
16 148 60
16 149 93
16 150 83
16 151 56
16 152 47
16 153 76
16 154 86
16 155 94
16 156 122
16 157 7
17 1 757
17 2 893
17 3 592
17 4 549
17 5 919
17 6 1125
17 7 1159
17 8 1344
17 9 1245
17 10 1019
17 11 1839
17 12 2789
17 13 2491
17 14 4966
17 15 16914
17 16 42666
17 17 69052
17 18 14591
17 19 3339
17 20 1697
17 21 2102
17 22 1599
17 23 1696
17 24 1471
17 25 1111
17 26 1025
17 27 1416
17 28 1135
17 29 289
17 30 193
17 31 56
17 32 0
17 33 0
17 34 0
17 35 0
17 36 0
17 37 0
17 38 386
17 39 452
17 40 387
17 41 316
17 42 257
17 43 277
17 44 314
17 45 342
17 46 262
17 47 337
17 48 344
17 49 365
17 50 280
17 51 227
17 52 324
17 53 253
17 54 333
17 55 234
17 56 140
17 57 186
17 58 249
17 59 329
17 60 341
17 61 258
17 62 263
17 63 274
17 64 228
17 65 253
17 66 270
17 67 254
17 68 255
17 69 323
17 70 241
17 71 183
17 72 146
17 73 136
17 74 159
17 75 208
17 76 144
17 77 217
17 78 245
17 79 184
17 80 210
17 81 129
17 82 128
17 83 120
17 84 148
17 85 186
17 86 211
17 87 222
17 88 219
17 89 167
17 90 131
17 91 157
17 92 162
17 93 169
17 94 153
17 95 177
17 96 189
17 97 161
17 98 105
17 99 69
17 100 92
17 101 91
17 102 63
17 103 73
17 104 140
17 105 95
17 106 170
17 107 104
17 108 136
17 109 143
17 110 160
17 111 122
17 112 143
17 113 126
17 114 155
17 115 143
17 116 137
17 117 99
17 118 78
17 119 143
17 120 136
17 121 135
17 122 138
17 123 130
17 124 89
17 125 56
17 126 57
17 127 58
17 128 42
17 129 52
17 130 66
17 131 119
17 132 98
17 133 99
17 134 83
17 135 103
17 136 118
17 137 78
17 138 67
17 139 57
17 140 50
17 141 49
17 142 57
17 143 98
17 144 92
17 145 80
17 146 86
17 147 92
17 148 59
17 149 85
17 150 112
17 151 62
17 152 60
17 153 43
17 154 98
17 155 127
17 156 125
17 157 10
18 1 702
18 2 653
18 3 283
18 4 271
18 5 412
18 6 1074
18 7 1249
18 8 1179
18 9 523
18 10 413
18 11 956
18 12 1502
18 13 1398
18 14 2960
18 15 6055
18 16 9045
18 17 14591
18 18 72321
18 19 26348
18 20 6427
18 21 2587
18 22 1601
18 23 1410
18 24 1271
18 25 1361
18 26 1615
18 27 854
18 28 622
18 29 133
18 30 85
18 31 25
18 32 0
18 33 0
18 34 0
18 35 0
18 36 0
18 37 0
18 38 324
18 39 406
18 40 394
18 41 455
18 42 457
18 43 419
18 44 433
18 45 359
18 46 335
18 47 258
18 48 195
18 49 186
18 50 99
18 51 110
18 52 253
18 53 133
18 54 203
18 55 136
18 56 73
18 57 90
18 58 121
18 59 144
18 60 193
18 61 130
18 62 91
18 63 109
18 64 94
18 65 169
18 66 242
18 67 185
18 68 314
18 69 309
18 70 106
18 71 94
18 72 67
18 73 60
18 74 64
18 75 164
18 76 74
18 77 134
18 78 145
18 79 89
18 80 111
18 81 47
18 82 57
18 83 58
18 84 68
18 85 108
18 86 118
18 87 245
18 88 224
18 89 94
18 90 89
18 91 106
18 92 93
18 93 224
18 94 219
18 95 119
18 96 96
18 97 88
18 98 79
18 99 39
18 100 41
18 101 44
18 102 44
18 103 29
18 104 85
18 105 76
18 106 131
18 107 187
18 108 198
18 109 142
18 110 110
18 111 187
18 112 212
18 113 222
18 114 205
18 115 220
18 116 86
18 117 32
18 118 45
18 119 117
18 120 115
18 121 99
18 122 106
18 123 89
18 124 50
18 125 30
18 126 40
18 127 25
18 128 34
18 129 23
18 130 54
18 131 127
18 132 122
18 133 122
18 134 56
18 135 73
18 136 113
18 137 71
18 138 24
18 139 27
18 140 12
18 141 18
18 142 27
18 143 82
18 144 79
18 145 75
18 146 94
18 147 67
18 148 28
18 149 115
18 150 95
18 151 31
18 152 29
18 153 29
18 154 55
18 155 134
18 156 200
18 157 12
19 1 538
19 2 398
19 3 113
19 4 102
19 5 186
19 6 895
19 7 863
19 8 815
19 9 201
19 10 154
19 11 379
19 12 550
19 13 477
19 14 1153
19 15 1095
19 16 2341
19 17 3339
19 18 26348
19 19 72371
19 20 25869
19 21 3776
19 22 1542
19 23 1210
19 24 1028
19 25 1340
19 26 1828
19 27 556
19 28 293
19 29 58
19 30 51
19 31 18
19 32 0
19 33 0
19 34 0
19 35 0
19 36 0
19 37 0
19 38 216
19 39 378
19 40 308
19 41 404
19 42 484
19 43 470
19 44 492
19 45 276
19 46 313
19 47 210
19 48 129
19 49 102
19 50 33
19 51 63
19 52 158
19 53 87
19 54 128
19 55 88
19 56 30
19 57 41
19 58 38
19 59 70
19 60 128
19 61 50
19 62 36
19 63 63
19 64 46
19 65 87
19 66 146
19 67 116
19 68 249
19 69 233
19 70 53
19 71 40
19 72 25
19 73 31
19 74 46
19 75 98
19 76 48
19 77 101
19 78 97
19 79 35
19 80 68
19 81 27
19 82 31
19 83 30
19 84 26
19 85 36
19 86 59
19 87 174
19 88 166
19 89 56
19 90 45
19 91 54
19 92 53
19 93 187
19 94 219
19 95 78
19 96 52
19 97 45
19 98 43
19 99 19
19 100 18
19 101 24
19 102 16
19 103 20
19 104 45
19 105 54
19 106 104
19 107 199
19 108 164
19 109 143
19 110 68
19 111 184
19 112 183
19 113 206
19 114 197
19 115 177
19 116 42
19 117 26
19 118 18
19 119 81
19 120 118
19 121 57
19 122 53
19 123 70
19 124 42
19 125 14
19 126 19
19 127 18
19 128 17
19 129 8
19 130 29
19 131 110
19 132 100
19 133 104
19 134 40
19 135 70
19 136 86
19 137 64
19 138 12
19 139 14
19 140 14
19 141 22
19 142 22
19 143 82
19 144 47
19 145 53
19 146 72
19 147 42
19 148 24
19 149 78
19 150 62
19 151 18
19 152 17
19 153 26
19 154 50
19 155 133
19 156 174
19 157 8
20 1 551
20 2 406
20 3 123
20 4 114
20 5 187
20 6 900
20 7 793
20 8 785
20 9 198
20 10 148
20 11 471
20 12 685
20 13 473
20 14 1093
20 15 793
20 16 1430
20 17 1697
20 18 6427
20 19 25869
20 20 85197
20 21 21347
20 22 7490
20 23 3334
20 24 2261
20 25 2162
20 26 2032
20 27 725
20 28 379
20 29 100
20 30 46
20 31 11
20 32 0
20 33 0
20 34 0
20 35 0
20 36 0
20 37 0
20 38 183
20 39 353
20 40 303
20 41 388
20 42 440
20 43 457
20 44 464
20 45 310
20 46 295
20 47 188
20 48 136
20 49 108
20 50 45
20 51 47
20 52 189
20 53 79
20 54 175
20 55 100
20 56 39
20 57 35
20 58 44
20 59 76
20 60 156
20 61 69
20 62 45
20 63 64
20 64 49
20 65 112
20 66 168
20 67 126
20 68 254
20 69 206
20 70 51
20 71 44
20 72 23
20 73 24
20 74 24
20 75 96
20 76 45
20 77 93
20 78 114
20 79 39
20 80 74
20 81 17
20 82 37
20 83 28
20 84 34
20 85 45
20 86 67
20 87 202
20 88 178
20 89 69
20 90 45
20 91 66
20 92 63
20 93 244
20 94 188
20 95 87
20 96 68
20 97 49
20 98 68
20 99 27
20 100 24
20 101 37
20 102 12
20 103 17
20 104 47
20 105 59
20 106 103
20 107 180
20 108 187
20 109 134
20 110 70
20 111 175
20 112 188
20 113 209
20 114 193
20 115 204
20 116 67
20 117 28
20 118 19
20 119 77
20 120 101
20 121 88
20 122 53
20 123 56
20 124 41
20 125 14
20 126 9
20 127 13
20 128 6
20 129 12
20 130 31
20 131 102
20 132 78
20 133 89
20 134 37
20 135 56
20 136 76
20 137 53
20 138 22
20 139 18
20 140 14
20 141 17
20 142 30
20 143 66
20 144 40
20 145 59
20 146 80
20 147 55
20 148 22
20 149 108
20 150 81
20 151 18
20 152 18
20 153 21
20 154 51
20 155 129
20 156 155
20 157 10
21 1 564
21 2 571
21 3 358
21 4 344
21 5 511
21 6 717
21 7 836
21 8 872
21 9 614
21 10 534
21 11 1006
21 12 1382
21 13 1040
21 14 1570
21 15 1619
21 16 1816
21 17 2102
21 18 2587
21 19 3776
21 20 21347
21 21 93664
21 22 20153
21 23 8136
21 24 5054
21 25 2698
21 26 1487
21 27 1389
21 28 1026
21 29 221
21 30 144
21 31 36
21 32 0
21 33 0
21 34 0
21 35 0
21 36 0
21 37 0
21 38 268
21 39 407
21 40 405
21 41 367
21 42 339
21 43 371
21 44 363
21 45 374
21 46 281
21 47 318
21 48 238
21 49 246
21 50 136
21 51 169
21 52 214
21 53 136
21 54 151
21 55 133
21 56 79
21 57 108
21 58 116
21 59 177
21 60 243
21 61 187
21 62 125
21 63 165
21 64 147
21 65 166
21 66 211
21 67 209
21 68 222
21 69 277
21 70 192
21 71 130
21 72 76
21 73 96
21 74 77
21 75 158
21 76 89
21 77 126
21 78 136
21 79 104
21 80 137
21 81 54
21 82 79
21 83 106
21 84 87
21 85 149
21 86 134
21 87 201
21 88 173
21 89 151
21 90 115
21 91 127
21 92 158
21 93 216
21 94 180
21 95 154
21 96 146
21 97 131
21 98 84
21 99 51
21 100 52
21 101 63
21 102 39
21 103 36
21 104 94
21 105 66
21 106 127
21 107 129
21 108 131
21 109 151
21 110 153
21 111 171
21 112 172
21 113 172
21 114 192
21 115 184
21 116 73
21 117 67
21 118 39
21 119 111
21 120 92
21 121 106
21 122 102
21 123 101
21 124 58
21 125 35
21 126 27
21 127 27
21 128 25
21 129 31
21 130 36
21 131 93
21 132 56
21 133 84
21 134 60
21 135 66
21 136 89
21 137 54
21 138 38
21 139 38
21 140 30
21 141 43
21 142 37
21 143 96
21 144 76
21 145 82
21 146 82
21 147 82
21 148 42
21 149 81
21 150 81
21 151 44
21 152 43
21 153 42
21 154 70
21 155 120
21 156 164
21 157 8
22 1 467
22 2 526
22 3 392
22 4 402
22 5 644
22 6 594
22 7 706
22 8 719
22 9 710
22 10 611
22 11 1138
22 12 1351
22 13 1146
22 14 1429
22 15 1425
22 16 1488
22 17 1599
22 18 1601
22 19 1542
22 20 7490
22 21 20153
22 22 44853
22 23 34825
22 24 12349
22 25 3633
22 26 1299
22 27 1548
22 28 1259
22 29 262
22 30 165
22 31 36
22 32 0
22 33 0
22 34 0
22 35 0
22 36 0
22 37 0
22 38 291
22 39 309
22 40 309
22 41 235
22 42 237
22 43 231
22 44 232
22 45 247
22 46 209
22 47 267
22 48 227
22 49 279
22 50 144
22 51 182
22 52 214
22 53 181
22 54 175
22 55 121
22 56 113
22 57 132
22 58 162
22 59 198
22 60 230
22 61 216
22 62 185
22 63 202
22 64 192
22 65 168
22 66 199
22 67 187
22 68 156
22 69 158
22 70 157
22 71 115
22 72 85
22 73 83
22 74 83
22 75 130
22 76 113
22 77 131
22 78 108
22 79 116
22 80 113
22 81 83
22 82 94
22 83 100
22 84 108
22 85 142
22 86 160
22 87 146
22 88 145
22 89 123
22 90 121
22 91 128
22 92 127
22 93 145
22 94 92
22 95 145
22 96 131
22 97 117
22 98 88
22 99 58
22 100 58
22 101 66
22 102 41
22 103 51
22 104 101
22 105 69
22 106 99
22 107 86
22 108 79
22 109 104
22 110 138
22 111 110
22 112 102
22 113 135
22 114 89
22 115 115
22 116 75
22 117 78
22 118 61
22 119 102
22 120 81
22 121 81
22 122 89
22 123 79
22 124 50
22 125 42
22 126 30
22 127 44
22 128 43
22 129 29
22 130 34
22 131 55
22 132 45
22 133 56
22 134 42
22 135 67
22 136 71
22 137 63
22 138 33
22 139 36
22 140 38
22 141 39
22 142 36
22 143 63
22 144 75
22 145 60
22 146 57
22 147 47
22 148 53
22 149 71
22 150 72
22 151 46
22 152 41
22 153 35
22 154 81
22 155 70
22 156 84
22 157 3
23 1 529
23 2 657
23 3 511
23 4 475
23 5 796
23 6 618
23 7 786
23 8 796
23 9 900
23 10 738
23 11 1202
23 12 1537
23 13 1292
23 14 1547
23 15 1481
23 16 1575
23 17 1696
23 18 1410
23 19 1210
23 20 3334
23 21 8136
23 22 34825
23 23 58517
23 24 21731
23 25 4621
23 26 1512
23 27 1849
23 28 1344
23 29 356
23 30 182
23 31 56
23 32 0
23 33 0
23 34 0
23 35 0
23 36 0
23 37 0
23 38 357
23 39 372
23 40 368
23 41 274
23 42 232
23 43 244
23 44 255
23 45 311
23 46 220
23 47 314
23 48 286
23 49 329
23 50 211
23 51 187
23 52 227
23 53 190
23 54 199
23 55 200
23 56 126
23 57 153
23 58 195
23 59 250
23 60 308
23 61 252
23 62 194
23 63 246
23 64 197
23 65 237
23 66 237
23 67 186
23 68 191
23 69 199
23 70 152
23 71 139
23 72 92
23 73 114
23 74 132
23 75 161
23 76 114
23 77 140
23 78 154
23 79 154
23 80 153
23 81 92
23 82 85
23 83 112
23 84 129
23 85 155
23 86 174
23 87 148
23 88 142
23 89 148
23 90 135
23 91 131
23 92 141
23 93 143
23 94 125
23 95 157
23 96 165
23 97 134
23 98 86
23 99 61
23 100 69
23 101 72
23 102 62
23 103 52
23 104 111
23 105 69
23 106 123
23 107 112
23 108 104
23 109 129
23 110 167
23 111 140
23 112 117
23 113 130
23 114 138
23 115 116
23 116 114
23 117 104
23 118 84
23 119 93
23 120 95
23 121 102
23 122 101
23 123 98
23 124 70
23 125 54
23 126 43
23 127 42
23 128 52
23 129 33
23 130 63
23 131 85
23 132 53
23 133 63
23 134 73
23 135 62
23 136 90
23 137 64
23 138 44
23 139 51
23 140 54
23 141 43
23 142 62
23 143 92
23 144 78
23 145 82
23 146 86
23 147 85
23 148 60
23 149 69
23 150 77
23 151 48
23 152 39
23 153 47
23 154 77
23 155 77
23 156 125
23 157 4
24 1 593
24 2 650
24 3 424
24 4 359
24 5 754
24 6 713
24 7 795
24 8 899
24 9 799
24 10 654
24 11 1317
24 12 1543
24 13 1230
24 14 1419
24 15 1293
24 16 1330
24 17 1471
24 18 1271
24 19 1028
24 20 2261
24 21 5054
24 22 12349
24 23 21731
24 24 50778
24 25 21445
24 26 2567
24 27 2696
24 28 1737
24 29 358
24 30 166
24 31 52
24 32 0
24 33 0
24 34 0
24 35 0
24 36 0
24 37 0
24 38 353
24 39 384
24 40 326
24 41 294
24 42 267
24 43 258
24 44 260
24 45 292
24 46 244
24 47 263
24 48 281
24 49 321
24 50 185
24 51 177
24 52 234
24 53 166
24 54 188
24 55 160
24 56 120
24 57 126
24 58 198
24 59 304
24 60 329
24 61 234
24 62 195
24 63 246
24 64 210
24 65 217
24 66 224
24 67 232
24 68 205
24 69 219
24 70 193
24 71 143
24 72 101
24 73 111
24 74 130
24 75 161
24 76 95
24 77 132
24 78 125
24 79 149
24 80 174
24 81 79
24 82 104
24 83 91
24 84 104
24 85 146
24 86 177
24 87 167
24 88 188
24 89 150
24 90 161
24 91 166
24 92 155
24 93 153
24 94 128
24 95 157
24 96 185
24 97 135
24 98 88
24 99 64
24 100 74
24 101 65
24 102 43
24 103 51
24 104 95
24 105 72
24 106 117
24 107 118
24 108 95
24 109 114
24 110 134
24 111 154
24 112 137
24 113 146
24 114 123
24 115 122
24 116 88
24 117 81
24 118 60
24 119 96
24 120 103
24 121 104
24 122 111
24 123 99
24 124 52
24 125 30
24 126 40
24 127 31
24 128 29
24 129 27
24 130 51
24 131 58
24 132 59
24 133 60
24 134 44
24 135 74
24 136 71
24 137 58
24 138 34
24 139 32
24 140 40
24 141 32
24 142 36
24 143 66
24 144 91
24 145 76
24 146 72
24 147 73
24 148 51
24 149 67
24 150 81
24 151 53
24 152 38
24 153 46
24 154 84
24 155 104
24 156 132
24 157 10
25 1 733
25 2 648
25 3 314
25 4 288
25 5 505
25 6 1063
25 7 958
25 8 968
25 9 522
25 10 429
25 11 890
25 12 1074
25 13 857
25 14 1148
25 15 892
25 16 1063
25 17 1111
25 18 1361
25 19 1340
25 20 2162
25 21 2698
25 22 3633
25 23 4621
25 24 21445
25 25 42973
25 26 24264
25 27 3385
25 28 1633
25 29 313
25 30 129
25 31 39
25 32 0
25 33 0
25 34 0
25 35 0
25 36 0
25 37 0
25 38 397
25 39 506
25 40 427
25 41 366
25 42 428
25 43 408
25 44 462
25 45 335
25 46 332
25 47 230
25 48 272
25 49 241
25 50 135
25 51 141
25 52 241
25 53 158
25 54 227
25 55 133
25 56 71
25 57 84
25 58 134
25 59 229
25 60 279
25 61 153
25 62 121
25 63 170
25 64 143
25 65 210
25 66 247
25 67 198
25 68 275
25 69 241
25 70 174
25 71 86
25 72 57
25 73 71
25 74 81
25 75 133
25 76 88
25 77 140
25 78 117
25 79 98
25 80 124
25 81 52
25 82 59
25 83 69
25 84 93
25 85 116
25 86 127
25 87 237
25 88 251
25 89 138
25 90 105
25 91 107
25 92 129
25 93 213
25 94 191
25 95 152
25 96 138
25 97 90
25 98 79
25 99 41
25 100 53
25 101 41
25 102 33
25 103 49
25 104 84
25 105 70
25 106 135
25 107 140
25 108 136
25 109 133
25 110 135
25 111 161
25 112 164
25 113 196
25 114 181
25 115 171
25 116 107
25 117 65
25 118 47
25 119 105
25 120 127
25 121 108
25 122 96
25 123 109
25 124 48
25 125 25
25 126 34
25 127 24
25 128 22
25 129 27
25 130 35
25 131 96
25 132 70
25 133 86
25 134 60
25 135 76
25 136 104
25 137 71
25 138 38
25 139 23
25 140 35
25 141 32
25 142 29
25 143 88
25 144 71
25 145 70
25 146 93
25 147 71
25 148 47
25 149 95
25 150 109
25 151 40
25 152 25
25 153 43
25 154 51
25 155 145
25 156 156
25 157 3
26 1 961
26 2 831
26 3 259
26 4 284
26 5 397
26 6 1509
26 7 1246
26 8 1074
26 9 388
26 10 314
26 11 655
26 12 809
26 13 522
26 14 977
26 15 634
26 16 958
26 17 1025
26 18 1615
26 19 1828
26 20 2032
26 21 1487
26 22 1299
26 23 1512
26 24 2567
26 25 24264
26 26 69852
26 27 11276
26 28 3029
26 29 376
26 30 154
26 31 50
26 32 0
26 33 0
26 34 0
26 35 0
26 36 0
26 37 0
26 38 517
26 39 806
26 40 548
26 41 566
26 42 673
26 43 635
26 44 695
26 45 469
26 46 419
26 47 354
26 48 302
26 49 202
26 50 98
26 51 128
26 52 303
26 53 150
26 54 277
26 55 142
26 56 76
26 57 73
26 58 109
26 59 209
26 60 257
26 61 141
26 62 112
26 63 153
26 64 99
26 65 173
26 66 304
26 67 205
26 68 402
26 69 353
26 70 131
26 71 99
26 72 41
26 73 55
26 74 72
26 75 150
26 76 88
26 77 155
26 78 211
26 79 95
26 80 145
26 81 45
26 82 83
26 83 80
26 84 61
26 85 110
26 86 117
26 87 268
26 88 277
26 89 114
26 90 123
26 91 121
26 92 94
26 93 318
26 94 356
26 95 176
26 96 122
26 97 115
26 98 111
26 99 45
26 100 51
26 101 46
26 102 36
26 103 38
26 104 117
26 105 105
26 106 161
26 107 232
26 108 214
26 109 197
26 110 130
26 111 216
26 112 263
26 113 273
26 114 242
26 115 276
26 116 104
26 117 38
26 118 33
26 119 125
26 120 158
26 121 119
26 122 117
26 123 102
26 124 66
26 125 35
26 126 34
26 127 29
26 128 26
26 129 25
26 130 58
26 131 145
26 132 130
26 133 117
26 134 65
26 135 96
26 136 143
26 137 77
26 138 31
26 139 36
26 140 32
26 141 22
26 142 54
26 143 102
26 144 88
26 145 90
26 146 122
26 147 90
26 148 35
26 149 128
26 150 129
26 151 33
26 152 27
26 153 35
26 154 79
26 155 210
26 156 273
26 157 22
27 1 1098
27 2 1423
27 3 844
27 4 796
27 5 1351
27 6 1341
27 7 1164
27 8 1276
27 9 1381
27 10 1111
27 11 1841
27 12 1997
27 13 1501
27 14 1559
27 15 1452
27 16 1313
