1 1 17250
1 2 4350
1 3 434
1 4 358
1 5 189
1 6 309
1 7 205
1 8 251
1 9 190
1 10 176
1 11 254
1 12 242
1 13 251
1 14 250
1 15 177
1 16 249
1 17 211
1 18 162
1 19 157
1 20 168
1 21 148
1 22 101
1 23 121
1 24 128
1 25 97
1 26 122
1 27 152
1 28 148
1 29 123
1 30 169
1 31 156
1 32 200
1 33 134
1 34 190
1 35 153
1 36 170
1 37 110
1 38 90
1 39 130
1 40 126
1 41 64
1 42 33
1 43 72
1 44 50
1 45 26
1 46 35
1 47 36
1 48 51
1 49 52
1 50 6
1 51 0
1 52 0
1 53 0
1 54 0
1 55 0
1 56 9
1 57 47
1 58 42
1 59 62
1 60 57
1 61 58
1 62 58
1 63 27
1 64 65
1 65 32
1 66 34
1 67 51
1 68 73
1 69 70
1 70 76
1 71 71
1 72 116
1 73 120
1 74 74
1 75 48
1 76 39
1 77 88
1 78 97
1 79 91
1 80 107
1 81 97
1 82 112
1 83 81
1 84 91
1 85 122
1 86 111
1 87 48
1 88 52
1 89 89
1 90 70
1 91 74
1 92 67
1 93 96
1 94 119
1 95 76
1 96 47
1 97 85
1 98 99
1 99 55
1 100 94
1 101 90
1 102 105
1 103 99
1 104 84
1 105 85
1 106 53
1 107 59
1 108 63
1 109 62
1 110 92
1 111 42
1 112 98
1 113 67
1 114 80
1 115 47
1 116 77
1 117 100
1 118 135
1 119 45
2 1 4350
2 2 58389
2 3 12635
2 4 1750
2 5 957
2 6 606
2 7 572
2 8 484
2 9 625
2 10 539
2 11 418
2 12 534
2 13 330
2 14 91
2 15 113
2 16 243
2 17 222
2 18 122
2 19 62
2 20 117
2 21 407
2 22 437
2 23 422
2 24 229
2 25 142
2 26 309
2 27 340
2 28 222
2 29 238
2 30 155
2 31 160
2 32 101
2 33 184
2 34 274
2 35 274
2 36 264
2 37 332
2 38 384
2 39 367
2 40 156
2 41 16
2 42 14
2 43 14
2 44 19
2 45 17
2 46 13
2 47 36
2 48 19
2 49 14
2 50 1
2 51 0
2 52 0
2 53 0
2 54 0
2 55 0
2 56 3
2 57 10
2 58 8
2 59 18
2 60 18
2 61 30
2 62 19
2 63 28
2 64 35
2 65 14
2 66 28
2 67 41
2 68 59
2 69 35
2 70 100
2 71 31
2 72 91
2 73 193
2 74 102
2 75 59
2 76 41
2 77 64
2 78 155
2 79 167
2 80 159
2 81 77
2 82 138
2 83 147
2 84 119
2 85 91
2 86 230
2 87 47
2 88 39
2 89 164
2 90 108
2 91 204
2 92 253
2 93 241
2 94 147
2 95 249
2 96 225
2 97 111
2 98 171
2 99 277
2 100 286
2 101 342
2 102 49
2 103 58
2 104 34
2 105 51
2 106 63
2 107 45
2 108 45
2 109 58
2 110 75
2 111 13
2 112 181
2 113 112
2 114 46
2 115 18
2 116 79
2 117 111
2 118 162
2 119 108
3 1 434
3 2 12635
3 3 65606
3 4 11299
3 5 2170
3 6 1041
3 7 843
3 8 736
3 9 814
3 10 603
3 11 425
3 12 418
3 13 222
3 14 99
3 15 75
3 16 184
3 17 141
3 18 75
3 19 54
3 20 71
3 21 251
3 22 400
3 23 361
3 24 198
3 25 140
3 26 282
3 27 331
3 28 220
3 29 147
3 30 91
3 31 80
3 32 53
3 33 132
3 34 190
3 35 234
3 36 230
3 37 384
3 38 394
3 39 254
3 40 85
3 41 16
3 42 6
3 43 24
3 44 17
3 45 9
3 46 9
3 47 15
3 48 15
3 49 10
3 50 1
3 51 0
3 52 0
3 53 0
3 54 0
3 55 0
3 56 1
3 57 4
3 58 9
3 59 10
3 60 10
3 61 23
3 62 9
3 63 8
3 64 29
3 65 10
3 66 26
3 67 22
3 68 42
3 69 28
3 70 45
3 71 38
3 72 51
3 73 110
3 74 42
3 75 30
3 76 42
3 77 57
3 78 111
3 79 122
3 80 128
3 81 47
3 82 98
3 83 104
3 84 94
3 85 79
3 86 152
3 87 44
3 88 47
3 89 148
3 90 91
3 91 188
3 92 319
3 93 278
3 94 115
3 95 258
3 96 219
3 97 139
3 98 156
3 99 271
3 100 261
3 101 255
3 102 34
3 103 23
3 104 31
3 105 33
3 106 40
3 107 31
3 108 19
3 109 20
3 110 46
3 111 7
3 112 80
3 113 56
3 114 23
3 115 16
3 116 39
3 117 61
3 118 102
3 119 56
4 1 358
4 2 1750
4 3 11299
4 4 62534
4 5 16319
4 6 3270
4 7 1641
4 8 1284
4 9 1205
4 10 878
4 11 604
4 12 549
4 13 252
4 14 111
4 15 96
4 16 225
4 17 167
4 18 90
4 19 67
4 20 105
4 21 257
4 22 417
4 23 388
4 24 232
4 25 122
4 26 290
4 27 265
4 28 218
4 29 155
4 30 108
4 31 112
4 32 49
4 33 134
4 34 266
4 35 268
4 36 288
4 37 345
4 38 307
4 39 223
4 40 93
4 41 19
4 42 17
4 43 14
4 44 15
4 45 11
4 46 12
4 47 14
4 48 15
4 49 16
4 50 2
4 51 0
4 52 0
4 53 0
4 54 0
4 55 0
4 56 0
4 57 9
4 58 10
4 59 17
4 60 13
4 61 23
4 62 19
4 63 15
4 64 30
4 65 12
4 66 17
4 67 30
4 68 43
4 69 19
4 70 64
4 71 45
4 72 60
4 73 121
4 74 62
4 75 36
4 76 39
4 77 63
4 78 108
4 79 144
4 80 122
4 81 65
4 82 115
4 83 137
4 84 123
4 85 106
4 86 180
4 87 54
4 88 49
4 89 153
4 90 104
4 91 209
4 92 328
4 93 349
4 94 222
4 95 254
4 96 222
4 97 157
4 98 204
4 99 302
4 100 289
4 101 235
4 102 45
4 103 47
4 104 37
4 105 30
4 106 29
4 107 37
4 108 28
4 109 33
4 110 48
4 111 17
4 112 82
4 113 51
4 114 19
4 115 10
4 116 40
4 117 51
4 118 86
4 119 43
5 1 189
5 2 957
5 3 2170
5 4 16319
5 5 72721
5 6 23491
5 7 3180
5 8 1751
5 9 1329
5 10 888
5 11 531
5 12 485
5 13 222
5 14 103
5 15 100
5 16 193
5 17 139
5 18 93
5 19 62
5 20 102
5 21 246
5 22 350
5 23 351
5 24 233
5 25 141
5 26 283
5 27 289
5 28 191
5 29 177
5 30 87
5 31 120
5 32 70
5 33 106
5 34 186
5 35 254
5 36 211
5 37 327
5 38 279
5 39 246
5 40 77
5 41 18
5 42 12
5 43 19
5 44 15
5 45 12
5 46 13
5 47 22
5 48 9
5 49 22
5 50 2
5 51 0
5 52 0
5 53 0
5 54 0
5 55 0
5 56 1
5 57 3
5 58 5
5 59 12
5 60 13
5 61 22
5 62 10
5 63 17
5 64 20
5 65 19
5 66 13
5 67 30
5 68 40
5 69 24
5 70 56
5 71 31
5 72 46
5 73 92
5 74 60
5 75 29
5 76 24
5 77 52
5 78 130
5 79 117
5 80 101
5 81 67
5 82 107
5 83 120
5 84 95
5 85 76
5 86 163
5 87 43
5 88 53
5 89 143
5 90 102
5 91 204
5 92 281
5 93 311
5 94 163
5 95 252
5 96 226
5 97 125
5 98 166
5 99 251
5 100 213
5 101 173
5 102 35
5 103 31
5 104 32
5 105 25
5 106 32
5 107 38
5 108 24
5 109 29
5 110 43
5 111 13
5 112 73
5 113 48
5 114 29
5 115 14
5 116 29
5 117 53
5 118 77
5 119 40
6 1 309
6 2 606
6 3 1041
6 4 3270
6 5 23491
6 6 63375
6 7 20457
6 8 4280
6 9 1975
6 10 1122
6 11 789
6 12 634
6 13 330
6 14 209
6 15 157
6 16 260
6 17 194
6 18 130
6 19 122
6 20 165
6 21 276
6 22 315
6 23 362
6 24 384
6 25 281
6 26 339
6 27 298
6 28 242
6 29 205
6 30 125
6 31 128
6 32 86
6 33 149
6 34 264
6 35 294
6 36 340
6 37 343
6 38 251
6 39 236
6 40 110
6 41 36
6 42 22
6 43 28
6 44 28
6 45 15
6 46 19
6 47 27
6 48 25
6 49 31
6 50 2
6 51 0
6 52 0
6 53 0
6 54 0
6 55 0
6 56 2
6 57 11
6 58 18
6 59 18
6 60 23
6 61 46
6 62 13
6 63 18
6 64 24
6 65 17
6 66 25
6 67 35
6 68 53
6 69 23
6 70 54
6 71 48
6 72 77
6 73 137
6 74 96
6 75 81
6 76 47
6 77 80
6 78 123
6 79 167
6 80 170
6 81 94
6 82 155
6 83 129
6 84 115
6 85 118
6 86 185
6 87 75
6 88 72
6 89 271
6 90 219
6 91 252
6 92 290
6 93 306
6 94 236
6 95 233
6 96 185
6 97 175
6 98 217
6 99 207
6 100 272
6 101 175
6 102 58
6 103 54
6 104 46
6 105 50
6 106 75
6 107 44
6 108 31
6 109 45
6 110 49
6 111 18
6 112 67
6 113 49
6 114 32
6 115 32
6 116 57
6 117 76
6 118 119
6 119 32
7 1 205
7 2 572
7 3 843
7 4 1641
7 5 3180
7 6 20457
7 7 67887
7 8 15721
7 9 3549
7 10 1298
7 11 796
7 12 603
7 13 321
7 14 177
7 15 139
7 16 252
7 17 200
7 18 116
7 19 84
7 20 114
7 21 281
7 22 377
7 23 378
7 24 279
7 25 149
7 26 283
7 27 301
7 28 244
7 29 196
7 30 139
7 31 123
7 32 88
7 33 157
7 34 231
7 35 279
7 36 307
7 37 384
7 38 253
7 39 241
7 40 93
7 41 29
7 42 15
7 43 19
7 44 16
7 45 24
7 46 14
7 47 18
7 48 13
7 49 22
7 50 2
7 51 0
7 52 0
7 53 0
7 54 0
7 55 0
7 56 3
7 57 11
7 58 14
7 59 15
7 60 19
7 61 34
7 62 16
7 63 15
7 64 31
7 65 13
7 66 33
7 67 44
7 68 58
7 69 43
7 70 51
7 71 39
7 72 82
7 73 109
7 74 82
7 75 34
7 76 37
7 77 64
7 78 124
7 79 164
7 80 125
7 81 104
7 82 145
7 83 119
7 84 108
7 85 124
7 86 199
7 87 74
7 88 69
7 89 208
7 90 172
7 91 220
7 92 277
7 93 332
7 94 247
7 95 256
7 96 208
7 97 163
7 98 234
7 99 247
7 100 255
7 101 185
7 102 45
7 103 51
7 104 43
7 105 40
7 106 45
7 107 38
7 108 29
7 109 42
7 110 47
7 111 8
7 112 72
7 113 54
7 114 37
7 115 19
7 116 42
7 117 84
7 118 93
7 119 50
8 1 251
8 2 484
8 3 736
8 4 1284
8 5 1751
8 6 4280
8 7 15721
8 8 66056
8 9 15182
8 10 2225
8 11 1285
8 12 881
8 13 442
8 14 269
8 15 191
8 16 314
8 17 267
8 18 144
8 19 109
8 20 135
8 21 286
8 22 409
8 23 362
8 24 260
8 25 152
8 26 262
8 27 327
8 28 296
8 29 178
8 30 170
8 31 147
8 32 132
8 33 133
8 34 313
8 35 369
8 36 425
8 37 356
8 38 250
8 39 276
8 40 100
8 41 32
8 42 14
8 43 26
8 44 21
8 45 19
8 46 16
8 47 18
8 48 27
8 49 33
8 50 1
8 51 0
8 52 0
8 53 0
8 54 0
8 55 0
8 56 5
8 57 16
8 58 16
8 59 23
8 60 22
8 61 28
8 62 28
8 63 18
8 64 29
8 65 18
8 66 23
8 67 35
8 68 48
8 69 47
8 70 68
8 71 60
8 72 107
8 73 151
8 74 76
8 75 45
8 76 38
8 77 71
8 78 112
8 79 170
8 80 174
8 81 172
8 82 167
8 83 145
8 84 130
8 85 219
8 86 217
8 87 96
8 88 74
8 89 164
8 90 132
8 91 176
8 92 276
8 93 337
8 94 339
8 95 239
8 96 202
8 97 213
8 98 230
8 99 234
8 100 237
8 101 181
8 102 68
8 103 73
8 104 64
8 105 41
8 106 29
8 107 36
8 108 32
8 109 38
8 110 60
8 111 20
8 112 82
8 113 64
8 114 42
8 115 19
8 116 31
8 117 45
8 118 68
8 119 39
9 1 190
9 2 625
9 3 814
9 4 1205
9 5 1329
9 6 1975
9 7 3549
9 8 15182
9 9 67397
9 10 12947
9 11 2054
9 12 1317
9 13 527
9 14 208
9 15 157
9 16 296
9 17 237
9 18 126
9 19 87
9 20 127
9 21 349
9 22 588
9 23 498
9 24 347
9 25 174
9 26 334
9 27 404
9 28 282
9 29 244
9 30 164
9 31 137
9 32 94
9 33 164
9 34 330
9 35 376
9 36 415
9 37 514
9 38 380
9 39 340
9 40 100
9 41 27
9 42 16
9 43 30
9 44 28
9 45 12
9 46 17
9 47 25
9 48 23
9 49 23
9 50 3
9 51 0
9 52 0
9 53 0
9 54 0
9 55 0
9 56 2
9 57 8
9 58 9
9 59 19
9 60 15
9 61 33
9 62 21
9 63 15
9 64 29
9 65 13
9 66 21
9 67 47
9 68 65
9 69 35
9 70 84
9 71 42
9 72 96
9 73 149
9 74 84
9 75 48
9 76 39
9 77 79
9 78 139
9 79 171
9 80 192
9 81 98
9 82 183
9 83 175
9 84 139
9 85 147
9 86 228
9 87 69
9 88 72
9 89 199
9 90 121
9 91 256
9 92 338
9 93 381
9 94 268
9 95 314
9 96 272
9 97 170
9 98 231
9 99 313
9 100 330
9 101 248
9 102 65
9 103 59
9 104 48
9 105 37
9 106 42
9 107 31
9 108 24
9 109 40
9 110 44
9 111 12
9 112 92
9 113 52
9 114 26
9 115 17
9 116 42
9 117 67
9 118 110
9 119 45
10 1 176
10 2 539
10 3 603
10 4 878
10 5 888
10 6 1122
10 7 1298
10 8 2225
10 9 12947
10 10 70083
10 11 18509
10 12 4855
10 13 702
10 14 237
10 15 251
10 16 395
10 17 312
10 18 176
10 19 90
10 20 178
10 21 530
10 22 724
10 23 653
10 24 405
10 25 208
10 26 433
10 27 465
10 28 343
10 29 323
10 30 211
10 31 144
10 32 98
10 33 216
10 34 445
10 35 579
10 36 546
10 37 637
10 38 543
10 39 525
10 40 156
10 41 44
10 42 19
10 43 34
10 44 34
10 45 22
10 46 15
10 47 20
10 48 23
10 49 25
10 50 2
10 51 0
10 52 0
10 53 0
10 54 0
10 55 0
10 56 0
10 57 11
10 58 10
10 59 19
10 60 23
10 61 32
10 62 22
10 63 30
10 64 50
10 65 12
10 66 33
10 67 44
10 68 65
10 69 43
10 70 92
10 71 65
10 72 107
10 73 178
10 74 100
10 75 41
10 76 42
10 77 88
10 78 174
10 79 202
10 80 186
10 81 107
10 82 193
10 83 172
10 84 160
10 85 132
10 86 263
10 87 94
10 88 87
10 89 238
10 90 139
10 91 274
10 92 403
10 93 378
10 94 268
10 95 347
10 96 279
10 97 173
10 98 233
10 99 390
10 100 373
10 101 296
10 102 67
10 103 57
10 104 49
10 105 55
10 106 66
10 107 52
10 108 37
10 109 39
10 110 56
10 111 24
10 112 92
10 113 70
10 114 38
10 115 22
10 116 60
10 117 69
10 118 120
10 119 61
11 1 254
11 2 418
11 3 425
11 4 604
11 5 531
11 6 789
11 7 796
11 8 1285
11 9 2054
11 10 18509
11 11 83117
11 12 23991
11 13 1293
11 14 568
11 15 375
11 16 654
11 17 508
11 18 255
11 19 154
11 20 258
11 21 576
11 22 713
11 23 564
11 24 350
11 25 176
11 26 339
11 27 531
11 28 552
11 29 395
11 30 262
11 31 218
11 32 192
11 33 250
11 34 612
11 35 644
11 36 672
11 37 602
11 38 479
11 39 564
11 40 182
11 41 36
11 42 25
11 43 34
11 44 38
11 45 27
11 46 25
11 47 46
11 48 47
11 49 49
11 50 2
11 51 0
11 52 0
11 53 0
11 54 0
11 55 0
11 56 4
11 57 12
11 58 24
11 59 34
11 60 45
11 61 60
11 62 25
11 63 32
11 64 48
11 65 25
11 66 50
11 67 65
11 68 95
11 69 76
11 70 120
11 71 88
11 72 171
11 73 219
11 74 107
11 75 72
11 76 51
11 77 96
11 78 212
11 79 247
11 80 252
11 81 219
11 82 221
11 83 191
11 84 173
11 85 217
11 86 299
11 87 139
11 88 108
11 89 227
11 90 157
11 91 203
11 92 253
11 93 273
11 94 326
11 95 297
11 96 215
11 97 201
11 98 238
11 99 268
11 100 346
11 101 250
11 102 90
11 103 92
11 104 83
11 105 59
11 106 75
11 107 49
11 108 36
11 109 49
11 110 84
11 111 25
11 112 82
11 113 80
11 114 47
11 115 25
11 116 76
11 117 75
11 118 120
11 119 52
12 1 242
12 2 534
12 3 418
12 4 549
12 5 485
12 6 634
12 7 603
12 8 881
12 9 1317
12 10 4855
12 11 23991
12 12 60914
12 13 15828
12 14 1560
12 15 946
12 16 1684
12 17 1085
12 18 549
12 19 246
12 20 532
12 21 1503
12 22 1189
12 23 803
12 24 508
12 25 276
12 26 598
12 27 705
12 28 688
12 29 575
12 30 419
12 31 383
12 32 250
12 33 557
12 34 969
12 35 853
12 36 708
12 37 749
12 38 711
12 39 1072
12 40 526
12 41 67
12 42 40
12 43 71
12 44 65
12 45 43
12 46 53
12 47 56
12 48 53
12 49 68
12 50 3
12 51 0
12 52 0
12 53 0
12 54 0
12 55 0
12 56 2
12 57 21
12 58 32
12 59 60
12 60 54
12 61 96
12 62 37
12 63 33
12 64 88
12 65 38
12 66 85
12 67 88
12 68 114
12 69 86
12 70 209
12 71 127
12 72 228
12 73 368
12 74 200
12 75 75
12 76 80
12 77 145
12 78 335
12 79 386
12 80 346
12 81 197
12 82 293
12 83 265
12 84 255
12 85 214
12 86 385
12 87 112
12 88 98
12 89 240
12 90 158
12 91 265
12 92 320
12 93 334
12 94 247
12 95 312
12 96 278
12 97 231
12 98 258
12 99 350
12 100 402
12 101 515
12 102 151
12 103 134
12 104 89
12 105 86
12 106 120
12 107 95
12 108 60
12 109 96
12 110 113
12 111 22
12 112 231
12 113 146
12 114 57
12 115 40
12 116 101
12 117 149
12 118 254
12 119 105
13 1 251
13 2 330
13 3 222
13 4 252
13 5 222
13 6 330
13 7 321
13 8 442
13 9 527
13 10 702
13 11 1293
13 12 15828
13 13 66354
13 14 13879
13 15 3504
13 16 3742
13 17 2220
13 18 1430
13 19 880
13 20 1268
13 21 1348
13 22 654
13 23 420
13 24 445
13 25 279
13 26 444
13 27 531
13 28 511
13 29 553
13 30 799
13 31 785
13 32 599
13 33 887
13 34 779
13 35 553
13 36 429
13 37 383
13 38 332
13 39 789
13 40 837
13 41 247
13 42 153
13 43 286
13 44 219
13 45 153
13 46 148
13 47 252
13 48 199
13 49 258
13 50 10
13 51 0
13 52 0
13 53 0
13 54 0
13 55 0
13 56 10
13 57 114
13 58 117
13 59 178
13 60 160
13 61 278
13 62 149
13 63 117
13 64 214
13 65 135
13 66 166
13 67 190
13 68 190
13 69 135
13 70 298
13 71 216
13 72 330
13 73 434
13 74 267
13 75 146
13 76 114
13 77 214
13 78 328
13 79 285
13 80 290
13 81 230
13 82 282
13 83 227
13 84 255
13 85 221
13 86 238
13 87 74
13 88 74
13 89 207
13 90 145
13 91 190
13 92 144
13 93 171
13 94 129
13 95 169
13 96 162
13 97 162
13 98 191
13 99 221
13 100 248
13 101 411
13 102 252
13 103 217
13 104 203
13 105 212
13 106 210
13 107 132
13 108 133
13 109 176
13 110 269
13 111 85
13 112 331
13 113 248
13 114 215
13 115 117
13 116 228
13 117 220
13 118 251
13 119 85
14 1 250
14 2 91
14 3 99
14 4 111
14 5 103
14 6 209
14 7 177
14 8 269
14 9 208
14 10 237
14 11 568
14 12 1560
14 13 13879
14 14 43676
14 15 7867
14 16 3864
14 17 2048
14 18 2405
14 19 3022
14 20 1774
14 21 420
14 22 183
14 23 128
14 24 276
14 25 369
14 26 270
14 27 291
14 28 406
14 29 209
14 30 1138
14 31 1078
14 32 1349
14 33 718
14 34 438
14 35 312
14 36 230
14 37 137
14 38 102
14 39 196
14 40 557
14 41 700
14 42 470
14 43 593
14 44 585
14 45 587
14 46 550
14 47 680
14 48 608
14 49 575
14 50 68
14 51 0
14 52 0
14 53 0
14 54 0
14 55 0
14 56 71
14 57 368
14 58 516
14 59 403
14 60 436
14 61 290
14 62 391
14 63 277
14 64 192
14 65 267
14 66 212
14 67 207
14 68 180
14 69 248
14 70 187
14 71 379
14 72 340
14 73 204
14 74 210
14 75 201
14 76 250
14 77 277
14 78 136
14 79 110
14 80 135
14 81 247
14 82 199
14 83 110
14 84 137
14 85 239
14 86 128
14 87 93
14 88 44
14 89 104
14 90 143
14 91 79
14 92 39
14 93 56
14 94 114
14 95 59
14 96 53
14 97 127
14 98 171
14 99 69
14 100 80
14 101 134
14 102 318
14 103 298
14 104 374
14 105 350
14 106 181
14 107 139
14 108 242
14 109 301
14 110 372
14 111 326
14 112 188
14 113 337
14 114 358
14 115 407
14 116 256
14 117 151
14 118 152
14 119 19
15 1 177
15 2 113
15 3 75
15 4 96
15 5 100
15 6 157
15 7 139
15 8 191
15 9 157
15 10 251
15 11 375
15 12 946
15 13 3504
15 14 7867
15 15 34170
15 16 21204
15 17 3719
15 18 1985
15 19 1455
15 20 1347
15 21 656
15 22 241
15 23 171
15 24 275
15 25 239
15 26 249
15 27 280
15 28 298
15 29 238
15 30 732
15 31 641
15 32 667
15 33 510
15 34 361
15 35 279
15 36 188
15 37 155
15 38 105
15 39 300
15 40 497
15 41 346
15 42 225
15 43 362
15 44 309
15 45 278
15 46 239
15 47 360
15 48 302
15 49 319
15 50 16
15 51 0
15 52 0
15 53 0
15 54 0
15 55 0
15 56 39
15 57 176
15 58 212
15 59 278
15 60 252
15 61 251
15 62 189
15 63 146
15 64 176
15 65 147
15 66 165
15 67 172
15 68 159
15 69 147
15 70 172
15 71 217
15 72 247
15 73 221
15 74 170
15 75 156
15 76 153
15 77 191
15 78 161
15 79 107
15 80 180
15 81 218
15 82 178
15 83 102
15 84 145
15 85 161
15 86 128
15 87 54
15 88 45
15 89 103
15 90 103
15 91 72
15 92 58
15 93 59
15 94 95
15 95 55
15 96 56
15 97 110
15 98 143
15 99 77
15 100 77
15 101 149
15 102 209
15 103 198
15 104 199
15 105 182
15 106 129
15 107 120
15 108 147
15 109 171
15 110 206
15 111 110
15 112 140
15 113 193
15 114 208
15 115 151
15 116 179
15 117 148
15 118 137
15 119 28
16 1 249
16 2 243
16 3 184
16 4 225
16 5 193
16 6 260
16 7 252
16 8 314
16 9 296
16 10 395
16 11 654
16 12 1684
16 13 3742
16 14 3864
16 15 21204
16 16 63491
16 17 14003
16 18 3322
16 19 1251
16 20 1640
16 21 1652
16 22 625
16 23 406
16 24 421
16 25 250
16 26 441
16 27 534
16 28 495
16 29 524
16 30 921
16 31 837
16 32 735
16 33 813
16 34 732
16 35 514
16 36 386
16 37 373
16 38 271
16 39 798
16 40 897
16 41 284
16 42 165
16 43 294
16 44 202
16 45 178
16 46 156
16 47 277
16 48 218
16 49 282
16 50 15
16 51 0
16 52 0
16 53 0
16 54 0
16 55 0
16 56 25
16 57 125
16 58 152
16 59 224
16 60 265
16 61 277
16 62 191
16 63 166
16 64 248
16 65 138
16 66 172
16 67 230
16 68 272
16 69 201
16 70 308
16 71 239
16 72 403
16 73 510
16 74 261
16 75 147
16 76 108
16 77 223
16 78 303
16 79 268
16 80 303
16 81 240
16 82 250
16 83 202
16 84 205
16 85 260
16 86 251
16 87 83
16 88 73
16 89 168
16 90 132
16 91 143
16 92 124
16 93 153
16 94 140
16 95 122
16 96 108
16 97 177
16 98 231
16 99 166
16 100 181
16 101 333
16 102 282
16 103 265
16 104 263
16 105 212
16 106 192
16 107 127
16 108 129
16 109 178
16 110 283
16 111 84
16 112 310
16 113 226
16 114 202
16 115 125
16 116 225
16 117 208
16 118 225
16 119 102
17 1 211
17 2 222
17 3 141
17 4 167
17 5 139
17 6 194
17 7 200
17 8 267
17 9 237
17 10 312
17 11 508
17 12 1085
17 13 2220
17 14 2048
17 15 3719
17 16 14003
17 17 55494
17 18 16914
17 19 2236
17 20 2508
17 21 2150
17 22 657
17 23 435
17 24 425
17 25 259
17 26 404
17 27 456
17 28 499
17 29 520
17 30 868
17 31 782
17 32 650
17 33 820
17 34 725
17 35 488
17 36 388
17 37 321
17 38 320
17 39 842
17 40 930
17 41 287
17 42 151
17 43 323
17 44 241
17 45 166
17 46 175
17 47 264
17 48 238
17 49 291
17 50 14
17 51 0
17 52 0
17 53 0
17 54 0
17 55 0
17 56 21
17 57 178
17 58 175
17 59 276
17 60 269
17 61 339
17 62 188
17 63 167
17 64 263
17 65 145
17 66 225
17 67 219
17 68 240
17 69 198
17 70 303
17 71 238
17 72 389
17 73 451
17 74 261
17 75 162
17 76 104
17 77 206
17 78 324
17 79 259
17 80 293
17 81 205
17 82 252
17 83 202
17 84 232
17 85 238
17 86 224
17 87 75
17 88 70
17 89 155
17 90 93
17 91 129
17 92 117
17 93 110
17 94 116
17 95 124
17 96 103
17 97 172
17 98 207
17 99 139
17 100 143
17 101 324
17 102 264
17 103 262
17 104 225
17 105 189
17 106 164
17 107 134
17 108 131
17 109 178
17 110 277
17 111 95
17 112 312
17 113 243
17 114 171
17 115 117
17 116 231
17 117 200
17 118 206
17 119 62
18 1 162
18 2 122
18 3 75
18 4 90
18 5 93
18 6 130
18 7 116
18 8 144
18 9 126
18 10 176
18 11 255
18 12 549
18 13 1430
18 14 2405
18 15 1985
18 16 3322
18 17 16914
18 18 32517
18 19 11206
18 20 5625
18 21 1566
18 22 459
18 23 266
18 24 401
18 25 382
18 26 399
18 27 361
18 28 328
18 29 303
18 30 1017
18 31 905
18 32 979
18 33 879
18 34 423
18 35 307
18 36 211
18 37 159
18 38 150
18 39 400
18 40 892
18 41 584
18 42 435
18 43 558
18 44 598
18 45 472
18 46 464
18 47 655
18 48 560
18 49 578
18 50 49
18 51 0
18 52 0
18 53 0
18 54 0
18 55 0
18 56 51
18 57 307
18 58 348
18 59 362
18 60 301
18 61 321
18 62 297
18 63 157
18 64 216
18 65 141
18 66 174
18 67 191
18 68 176
18 69 165
18 70 276
18 71 273
18 72 245
18 73 269
18 74 273
18 75 243
18 76 219
18 77 257
18 78 202
18 79 123
18 80 168
18 81 190
18 82 168
18 83 149
18 84 126
18 85 134
18 86 136
18 87 45
18 88 42
18 89 111
18 90 89
18 91 85
18 92 45
18 93 56
18 94 69
18 95 74
18 96 82
18 97 88
18 98 170
18 99 96
18 100 78
18 101 244
18 102 263
18 103 253
18 104 281
18 105 269
18 106 229
18 107 161
18 108 206
18 109 247
18 110 274
18 111 218
18 112 274
18 113 327
18 114 367
18 115 299
18 116 266
18 117 180
18 118 214
18 119 60
19 1 157
19 2 62
19 3 54
19 4 67
19 5 62
19 6 122
19 7 84
19 8 109
19 9 87
19 10 90
19 11 154
19 12 246
19 13 880
19 14 3022
19 15 1455
19 16 1251
19 17 2236
19 18 11206
19 19 34091
19 20 20869
19 21 1372
19 22 262
19 23 202
19 24 463
19 25 692
19 26 439
19 27 232
19 28 358
19 29 184
19 30 1216
19 31 1052
19 32 1367
19 33 683
19 34 280
19 35 212
19 36 134
19 37 109
19 38 81
19 39 148
19 40 776
19 41 1099
19 42 858
19 43 931
19 44 932
19 45 1000
19 46 1135
19 47 1165
19 48 1028
19 49 815
19 50 107
19 51 0
19 52 0
19 53 0
19 54 0
19 55 0
19 56 108
19 57 503
19 58 714
19 59 517
19 60 404
19 61 306
19 62 375
19 63 218
19 64 146
19 65 220
19 66 172
19 67 157
19 68 124
19 69 171
19 70 170
19 71 339
19 72 175
19 73 114
19 74 280
19 75 387
19 76 380
19 77 383
19 78 121
19 79 75
19 80 84
19 81 168
19 82 130
19 83 89
19 84 95
19 85 134
19 86 64
19 87 49
19 88 34
19 89 78
19 90 120
19 91 40
19 92 32
19 93 45
19 94 40
19 95 32
19 96 31
19 97 89
19 98 97
19 99 26
19 100 39
19 101 76
19 102 249
19 103 218
19 104 293
19 105 384
19 106 288
19 107 222
19 108 323
19 109 320
19 110 293
19 111 332
19 112 174
19 113 397
19 114 435
19 115 632
19 116 362
19 117 243
19 118 254
19 119 23
20 1 168
20 2 117
20 3 71
20 4 105
20 5 102
20 6 165
20 7 114
20 8 135
20 9 127
20 10 178
20 11 258
20 12 532
20 13 1268
20 14 1774
20 15 1347
20 16 1640
20 17 2508
20 18 5625
20 19 20869
20 20 42880
20 21 9209
20 22 934
20 23 438
20 24 852
20 25 873
20 26 708
20 27 470
20 28 491
20 29 440
20 30 1205
20 31 1054
20 32 999
20 33 919
20 34 546
20 35 336
20 36 262
20 37 204
20 38 198
20 39 508
20 40 1341
20 41 828
20 42 532
20 43 731
20 44 688
20 45 570
20 46 650
20 47 740
20 48 664
20 49 700
20 50 52
20 51 0
20 52 0
20 53 0
20 54 0
20 55 0
20 56 70
20 57 335
20 58 362
20 59 352
20 60 270
20 61 267
20 62 246
20 63 153
20 64 207
20 65 148
20 66 171
20 67 175
20 68 177
20 69 142
20 70 219
20 71 290
20 72 272
20 73 309
20 74 374
20 75 440
20 76 390
20 77 399
20 78 253
20 79 134
20 80 160
20 81 188
20 82 210
20 83 174
20 84 146
20 85 146
20 86 124
20 87 53
20 88 50
20 89 154
20 90 179
20 91 129
20 92 86
20 93 99
20 94 83
20 95 75
20 96 68
20 97 135
20 98 155
20 99 93
20 100 98
20 101 239
20 102 275
20 103 191
20 104 238
20 105 304
20 106 424
20 107 285
20 108 294
20 109 291
20 110 298
20 111 218
20 112 282
20 113 360
20 114 375
20 115 377
20 116 397
20 117 398
20 118 430
20 119 74
21 1 148
21 2 407
21 3 251
21 4 257
21 5 246
21 6 276
21 7 281
21 8 286
21 9 349
21 10 530
21 11 576
21 12 1503
21 13 1348
21 14 420
21 15 656
21 16 1652
21 17 2150
21 18 1566
21 19 1372
21 20 9209
21 21 85236
21 22 14318
21 23 2036
21 24 1102
21 25 501
21 26 1029
21 27 971
21 28 805
21 29 1001
21 30 768
21 31 637
21 32 368
21 33 907
21 34 1042
21 35 769
21 36 601
21 37 654
21 38 670
21 39 1618
21 40 1047
21 41 161
21 42 79
21 43 143
21 44 121
21 45 82
21 46 77
21 47 130
21 48 93
21 49 141
21 50 6
21 51 0
21 52 0
21 53 0
21 54 0
21 55 0
21 56 7
21 57 60
21 58 67
21 59 78
21 60 71
21 61 167
21 62 64
21 63 65
21 64 148
21 65 51
21 66 119
21 67 129
21 68 149
21 69 90
21 70 299
21 71 123
21 72 232
21 73 496
21 74 307
21 75 137
21 76 97
21 77 176
21 78 400
21 79 378
21 80 350
21 81 150
21 82 277
21 83 272
21 84 242
21 85 172
21 86 305
21 87 77
21 88 91
21 89 232
21 90 140
21 91 223
21 92 246
21 93 227
21 94 138
21 95 209
21 96 241
21 97 189
21 98 227
21 99 284
21 100 333
21 101 560
21 102 149
21 103 147
21 104 108
21 105 127
21 106 196
21 107 172
21 108 85
21 109 130
21 110 185
21 111 42
21 112 391
21 113 216
21 114 97
21 115 54
21 116 201
21 117 260
21 118 388
21 119 141
22 1 101
22 2 437
22 3 400
22 4 417
22 5 350
22 6 315
22 7 377
22 8 409
22 9 588
22 10 724
22 11 713
22 12 1189
22 13 654
22 14 183
22 15 241
22 16 625
22 17 657
22 18 459
22 19 262
22 20 934
22 21 14318
22 22 83885
22 23 13365
22 24 1986
22 25 599
22 26 1436
22 27 1233
22 28 903
22 29 806
22 30 483
22 31 296
22 32 153
22 33 474
22 34 930
22 35 823
22 36 656
22 37 938
22 38 1016
22 39 1444
22 40 509
22 41 72
22 42 32
22 43 55
22 44 59
22 45 31
22 46 25
22 47 40
22 48 42
22 49 57
22 50 1
22 51 0
22 52 0
22 53 0
22 54 0
22 55 0
22 56 2
22 57 14
22 58 24
22 59 39
22 60 23
22 61 62
22 62 29
22 63 28
22 64 54
22 65 21
22 66 48
22 67 70
22 68 88
22 69 54
22 70 170
22 71 72
22 72 141
22 73 292
22 74 178
22 75 80
22 76 73
22 77 122
22 78 274
22 79 326
22 80 272
22 81 105
22 82 211
22 83 239
22 84 157
22 85 134
22 86 260
22 87 72
22 88 76
22 89 249
22 90 151
22 91 276
22 92 398
22 93 336
22 94 191
22 95 335
22 96 328
22 97 200
22 98 208
22 99 424
22 100 458
22 101 531
22 102 78
22 103 74
22 104 58
22 105 56
22 106 105
22 107 74
22 108 56
22 109 58
22 110 93
22 111 18
22 112 202
22 113 115
22 114 47
22 115 44
22 116 122
22 117 174
22 118 246
22 119 116
23 1 121
23 2 422
23 3 361
23 4 388
23 5 351
23 6 362
23 7 378
23 8 362
23 9 498
23 10 653
23 11 564
23 12 803
23 13 420
23 14 128
23 15 171
23 16 406
23 17 435
23 18 266
23 19 202
23 20 438
23 21 2036
23 22 13365
23 23 80383
23 24 22537
23 25 1552
23 26 2456
23 27 1396
23 28 811
23 29 676
23 30 370
23 31 275
23 32 149
23 33 359
23 34 670
23 35 621
23 36 499
23 37 714
23 38 703
23 39 843
23 40 399
23 41 60
23 42 33
23 43 62
23 44 47
23 45 42
23 46 39
23 47 42
23 48 47
23 49 53
23 50 3
23 51 0
23 52 0
23 53 0
23 54 0
23 55 0
23 56 5
23 57 15
23 58 14
23 59 26
23 60 36
23 61 58
23 62 29
23 63 14
23 64 46
23 65 22
23 66 40
23 67 62
23 68 86
23 69 43
23 70 149
23 71 53
23 72 97
23 73 253
23 74 137
23 75 83
23 76 63
23 77 124
23 78 255
23 79 261
23 80 200
23 81 97
23 82 162
23 83 205
23 84 153
23 85 104
23 86 248
23 87 62
23 88 62
23 89 229
23 90 134
23 91 287
23 92 355
23 93 332
23 94 176
23 95 335
23 96 295
23 97 141
23 98 201
23 99 351
23 100 387
23 101 426
23 102 70
23 103 50
23 104 42
23 105 44
23 106 82
23 107 80
23 108 57
23 109 55
23 110 70
23 111 13
23 112 154
23 113 84
23 114 52
23 115 26
23 116 91
23 117 132
23 118 220
23 119 76
24 1 128
24 2 229
24 3 198
24 4 232
24 5 233
24 6 384
24 7 279
24 8 260
24 9 347
24 10 405
24 11 350
24 12 508
24 13 445
24 14 276
24 15 275
24 16 421
24 17 425
24 18 401
24 19 463
24 20 852
24 21 1102
24 22 1986
24 23 22537
24 24 57030
24 25 20490
24 26 10567
24 27 1511
24 28 887
24 29 571
24 30 565
24 31 456
24 32 351
24 33 434
24 34 549
24 35 511
24 36 402
24 37 451
24 38 378
24 39 586
24 40 494
24 41 192
24 42 100
24 43 159
24 44 146
24 45 107
24 46 109
24 47 134
24 48 138
24 49 144
24 50 7
24 51 0
24 52 0
24 53 0
24 54 0
24 55 0
24 56 6
24 57 60
24 58 59
24 59 67
24 60 46
24 61 70
24 62 45
24 63 34
24 64 67
24 65 43
24 66 44
24 67 67
24 68 56
24 69 51
24 70 140
24 71 82
24 72 108
24 73 211
24 74 219
24 75 236
24 76 165
24 77 255
24 78 225
24 79 191
24 80 151
24 81 101
24 82 150
24 83 159
24 84 108
24 85 117
24 86 189
24 87 70
24 88 69
24 89 334
24 90 372
24 91 282
24 92 200
24 93 209
24 94 144
24 95 200
24 96 186
24 97 164
24 98 198
24 99 234
24 100 264
24 101 262
24 102 105
24 103 74
24 104 66
24 105 118
24 106 207
24 107 149
24 108 121
24 109 84
24 110 83
24 111 34
24 112 156
24 113 107
24 114 95
24 115 78
24 116 135
24 117 253
24 118 325
24 119 79
25 1 97
25 2 142
25 3 140
25 4 122
25 5 141
25 6 281
25 7 149
25 8 152
25 9 174
25 10 208
25 11 176
25 12 276
25 13 279
25 14 369
25 15 239
25 16 250
25 17 259
25 18 382
25 19 692
25 20 873
25 21 501
25 22 599
25 23 1552
25 24 20490
25 25 44482
25 26 21840
25 27 1047
25 28 681
25 29 351
25 30 603
25 31 405
25 32 423
25 33 377
25 34 340
25 35 310
25 36 239
25 37 242
25 38 212
25 39 241
25 40 433
25 41 293
25 42 171
25 43 247
25 44 243
25 45 175
25 46 222
25 47 254
25 48 214
25 49 200
25 50 12
25 51 0
25 52 0
25 53 0
25 54 0
25 55 0
25 56 18
25 57 76
25 58 93
25 59 79
25 60 68
25 61 70
25 62 43
25 63 39
25 64 44
25 65 30
25 66 55
25 67 60
25 68 46
25 69 51
25 70 78
25 71 83
25 72 65
25 73 106
25 74 230
25 75 371
25 76 303
25 77 288
25 78 130
25 79 105
25 80 100
25 81 73
25 82 113
25 83 81
25 84 74
25 85 69
25 86 90
25 87 43
25 88 43
25 89 326
25 90 386
25 91 178
25 92 84
25 93 122
25 94 94
25 95 93
25 96 101
25 97 100
25 98 131
25 99 120
25 100 114
25 101 142
25 102 83
25 103 43
25 104 66
25 105 123
25 106 259
25 107 159
25 108 159
25 109 120
25 110 83
25 111 48
25 112 80
25 113 114
25 114 117
25 115 156
25 116 149
25 117 294
25 118 348
25 119 36
26 1 122
26 2 309
26 3 282
26 4 290
26 5 283
26 6 339
26 7 283
26 8 262
26 9 334
26 10 433
26 11 339
26 12 598
26 13 444
26 14 270
26 15 249
26 16 441
26 17 404
26 18 399
26 19 439
26 20 708
26 21 1029
26 22 1436
26 23 2456
26 24 10567
26 25 21840
26 26 63652
26 27 10844
26 28 1958
26 29 1114
26 30 927
26 31 629
26 32 395
26 33 643
26 34 717
26 35 684
26 36 515
26 37 582
26 38 529
26 39 689
26 40 599
26 41 193
26 42 106
26 43 169
26 44 140
26 45 126
26 46 120
26 47 171
26 48 140
26 49 132
26 50 11
26 51 0
26 52 0
26 53 0
26 54 0
26 55 0
26 56 9
26 57 42
26 58 48
26 59 61
26 60 67
26 61 67
26 62 41
26 63 28
26 64 66
26 65 28
26 66 48
26 67 56
26 68 73
26 69 40
26 70 152
26 71 95
26 72 103
26 73 221
26 74 254
26 75 245
26 76 199
26 77 242
26 78 247
26 79 200
26 80 203
26 81 113
26 82 192
26 83 157
26 84 126
26 85 102
26 86 208
26 87 68
26 88 73
26 89 305
26 90 283
26 91 266
26 92 246
26 93 240
26 94 137
26 95 217
26 96 207
26 97 150
26 98 185
26 99 253
26 100 280
26 101 344
26 102 105
26 103 62
26 104 57
26 105 93
26 106 204
26 107 148
26 108 112
26 109 109
26 110 107
26 111 39
26 112 195
26 113 139
26 114 99
26 115 81
26 116 134
26 117 266
26 118 371
26 119 94
27 1 152
27 2 340
27 3 331
27 4 265
27 5 289
27 6 298
27 7 301
27 8 327
27 9 404
27 10 465
27 11 531
27 12 705
27 13 531
27 14 291
27 15 280
27 16 534
27 17 456
27 18 361
27 19 232
27 20 470
27 21 971
27 22 1233
27 23 1396
27 24 1511
27 25 1047
27 26 10844
27 27 74268
27 28 34824
27 29 4737
27 30 1889
27 31 984
27 32 620
27 33 983
27 34 1241
27 35 1062
27 36 777
27 37 836
27 38 648
27 39 825
27 40 509
27 41 132
27 42 75
27 43 155
27 44 129
27 45 92
27 46 84
27 47 132
27 48 125
27 49 112
27 50 10
27 51 0
27 52 0
27 53 0
27 54 0
27 55 0
27 56 12
27 57 48
27 58 58
27 59 88
27 60 97
27 61 130
27 62 85
27 63 67
27 64 128
27 65 75
27 66 85
27 67 91
27 68 140
27 69 98
27 70 165
27 71 108
27 72 189
27 73 291
27 74 165
27 75 91
27 76 69
27 77 151
27 78 255
27 79 263
27 80 261
27 81 187
27 82 208
27 83 203
27 84 190
27 85 227
27 86 261
27 87 128
27 88 92
27 89 231
27 90 131
27 91 220
27 92 259
27 93 255
27 94 215
27 95 249
27 96 243
27 97 207
27 98 248
27 99 263
27 100 309
27 101 329
27 102 129
27 103 118
27 104 138
27 105 107
27 106 115
27 107 85
27 108 62
27 109 93
27 110 105
27 111 36
27 112 173
27 113 137
27 114 78
27 115 42
27 116 124
27 117 128
27 118 166
27 119 82
28 1 148
28 2 222
28 3 220
28 4 218
28 5 191
28 6 242
28 7 244
28 8 296
28 9 282
28 10 343
28 11 552
28 12 688
28 13 511
28 14 406
28 15 298
28 16 495
28 17 499
28 18 328
28 19 358
28 20 491
28 21 805
28 22 903
28 23 811
28 24 887
28 25 681
28 26 1958
28 27 34824
28 28 73556
28 29 17039
28 30 3737
28 31 1350
28 32 1032
28 33 1084
28 34 1446
28 35 1170
28 36 925
28 37 784
28 38 509
28 39 756
28 40 400
28 41 181
28 42 115
28 43 218
28 44 178
28 45 135
28 46 123
28 47 172
28 48 164
28 49 137
28 50 14
28 51 0
28 52 0
28 53 0
28 54 0
28 55 0
28 56 14
28 57 89
28 58 78
28 59 157
28 60 135
28 61 178
28 62 126
28 63 92
28 64 144
28 65 142
28 66 115
28 67 165
28 68 161
28 69 154
28 70 198
28 71 162
28 72 256
28 73 308
28 74 160
28 75 89
28 76 79
28 77 145
28 78 238
28 79 300
28 80 275
28 81 246
28 82 217
28 83 237
28 84 237
28 85 240
28 86 277
28 87 123
28 88 107
28 89 201
28 90 130
28 91 190
28 92 191
28 93 205
28 94 238
28 95 204
28 96 157
28 97 168
28 98 239
28 99 247
28 100 267
28 101 295
28 102 154
28 103 136
28 104 152
28 105 124
28 106 119
28 107 85
28 108 72
28 109 90
28 110 147
28 111 47
28 112 145
28 113 140
28 114 90
28 115 68
28 116 110
28 117 115
28 118 163
28 119 58
29 1 123
29 2 238
29 3 147
29 4 155
29 5 177
29 6 205
29 7 196
29 8 178
29 9 244
29 10 323
29 11 395
29 12 575
29 13 553
29 14 209
29 15 238
29 16 524
29 17 520
29 18 303
29 19 184
29 20 440
29 21 1001
29 22 806
29 23 676
29 24 571
29 25 351
29 26 1114
29 27 4737
29 28 17039
29 29 59677
29 30 12381
29 31 1512
29 32 922
29 33 1339
29 34 1550
29 35 954
29 36 749
29 37 622
29 38 566
29 39 968
29 40 647
29 41 118
29 42 69
29 43 126
29 44 96
29 45 69
29 46 53
29 47 123
29 48 104
29 49 119
29 50 7
29 51 0
29 52 0
29 53 0
29 54 0
29 55 0
29 56 9
29 57 42
29 58 53
29 59 87
29 60 84
29 61 130
29 62 60
29 63 50
29 64 112
29 65 68
29 66 96
29 67 108
29 68 136
29 69 83
29 70 190
29 71 96
29 72 197
29 73 323
29 74 159
29 75 78
29 76 62
29 77 133
29 78 248
29 79 265
29 80 231
29 81 122
29 82 205
29 83 183
29 84 150
29 85 151
29 86 234
29 87 71
29 88 72
29 89 142
29 90 93
29 91 149
29 92 181
29 93 191
29 94 131
29 95 183
29 96 156
29 97 132
29 98 145
29 99 211
29 100 238
29 101 351
29 102 116
29 103 91
29 104 96
29 105 77
29 106 93
29 107 86
29 108 66
29 109 78
29 110 125
29 111 19
29 112 205
29 113 125
29 114 74
29 115 40
29 116 101
29 117 159
29 118 194
29 119 70
30 1 169
30 2 155
30 3 91
30 4 108
30 5 87
30 6 125
30 7 139
30 8 170
30 9 164
30 10 211
30 11 262
30 12 419
30 13 799
30 14 1138
30 15 732
30 16 921
30 17 868
30 18 1017
30 19 1216
30 20 1205
30 21 768
30 22 483
30 23 370
30 24 565
30 25 603
30 26 927
30 27 1889
30 28 3737
30 29 12381
30 30 45697
30 31 13899
30 32 8915
30 33 5129
30 34 2110
30 35 1158
30 36 669
30 37 445
30 38 343
30 39 679
30 40 1092
30 41 792
30 42 541
30 43 806
30 44 675
30 45 622
30 46 545
30 47 732
30 48 636
30 49 582
30 50 51
30 51 0
30 52 0
30 53 0
30 54 0
30 55 0
30 56 64
30 57 307
30 58 380
30 59 423
30 60 481
30 61 419
30 62 409
30 63 299
30 64 374
30 65 287
30 66 311
30 67 333
30 68 301
30 69 318
30 70 335
30 71 413
30 72 434
30 73 391
30 74 304
30 75 198
30 76 215
30 77 285
30 78 247
30 79 227
30 80 239
30 81 322
30 82 272
30 83 202
30 84 246
30 85 271
30 86 190
30 87 86
30 88 80
30 89 155
30 90 129
30 91 117
30 92 100
30 93 121
30 94 132
30 95 113
30 96 95
30 97 158
30 98 226
30 99 133
30 100 119
30 101 303
30 102 351
30 103 338
30 104 372
30 105 347
30 106 224
30 107 199
30 108 222
30 109 293
30 110 386
30 111 172
30 112 297
30 113 351
30 114 328
30 115 317
30 116 286
30 117 193
30 118 203
30 119 49
31 1 156
31 2 160
31 3 80
31 4 112
31 5 120
31 6 128
31 7 123
31 8 147
31 9 137
31 10 144
31 11 218
31 12 383
31 13 785
31 14 1078
31 15 641
31 16 837
31 17 782
31 18 905
31 19 1052
31 20 1054
31 21 637
31 22 296
31 23 275
31 24 456
31 25 405
31 26 629
31 27 984
31 28 1350
31 29 1512
31 30 13899
31 31 58902
31 32 25213
31 33 9105
31 34 2185
31 35 1089
31 36 521
31 37 372
31 38 263
31 39 573
31 40 1202
31 41 699
31 42 539
31 43 768
31 44 630
31 45 534
31 46 507
31 47 632
31 48 530
31 49 584
31 50 40
31 51 0
31 52 0
31 53 0
31 54 0
31 55 0
31 56 64
31 57 313
31 58 363
31 59 394
31 60 421
31 61 459
31 62 358
31 63 255
31 64 354
31 65 268
31 66 327
31 67 305
31 68 266
31 69 262
31 70 393
31 71 350
31 72 406
31 73 354
31 74 262
31 75 216
31 76 209
31 77 216
31 78 231
31 79 165
31 80 227
31 81 257
31 82 257
31 83 177
31 84 195
31 85 252
31 86 192
31 87 96
31 88 52
31 89 133
31 90 117
31 91 113
31 92 86
31 93 112
31 94 106
31 95 90
31 96 81
31 97 172
31 98 191
31 99 109
31 100 126
31 101 289
31 102 372
31 103 360
31 104 392
31 105 338
31 106 227
31 107 158
31 108 172
31 109 256
31 110 348
31 111 193
31 112 323
31 113 340
31 114 303
31 115 207
31 116 277
31 117 169
31 118 218
31 119 49
32 1 200
32 2 101
32 3 53
32 4 49
32 5 70
32 6 86
32 7 88
32 8 132
32 9 94
32 10 98
32 11 192
32 12 250
32 13 599
32 14 1349
32 15 667
32 16 735
32 17 650
32 18 979
32 19 1367
32 20 999
32 21 368
32 22 153
32 23 149
32 24 351
32 25 423
32 26 395
32 27 620
32 28 1032
32 29 922
32 30 8915
32 31 25213
32 32 42253
32 33 15984
32 34 2302
32 35 1138
32 36 544
32 37 331
32 38 166
32 39 323
32 40 888
32 41 974
32 42 715
32 43 969
32 44 867
32 45 796
32 46 729
32 47 820
32 48 752
32 49 731
32 50 70
32 51 0
32 52 0
32 53 0
32 54 0
32 55 0
32 56 96
32 57 480
32 58 580
32 59 521
32 60 607
32 61 478
32 62 520
32 63 417
32 64 312
32 65 336
32 66 320
32 67 314
32 68 291
32 69 329
32 70 265
32 71 446
32 72 405
32 73 283
32 74 204
32 75 216
32 76 241
32 77 225
32 78 184
32 79 100
32 80 164
32 81 318
32 82 178
32 83 135
32 84 179
32 85 298
32 86 140
32 87 85
32 88 46
32 89 116
32 90 97
32 91 74
32 92 39
32 93 75
32 94 114
32 95 64
32 96 49
32 97 138
32 98 189
32 99 52
32 100 62
32 101 150
32 102 477
32 103 410
32 104 518
32 105 398
32 106 159
32 107 122
32 108 234
32 109 275
32 110 392
32 111 277
32 112 176
32 113 331
32 114 360
32 115 343
32 116 278
32 117 124
32 118 111
32 119 21
33 1 134
33 2 184
33 3 132
33 4 134
33 5 106
33 6 149
33 7 157
33 8 133
33 9 164
33 10 216
33 11 250
33 12 557
33 13 887
33 14 718
33 15 510
33 16 813
33 17 820
33 18 879
33 19 683
33 20 919
33 21 907
33 22 474
33 23 359
33 24 434
33 25 377
33 26 643
33 27 983
33 28 1084
33 29 1339
33 30 5129
33 31 9105
33 32 15984
33 33 69004
33 34 15484
33 35 1946
33 36 880
33 37 695
33 38 484
33 39 1100
33 40 1516
33 41 592
33 42 364
33 43 640
33 44 501
33 45 380
33 46 359
33 47 520
33 48 354
33 49 436
33 50 25
33 51 0
33 52 0
33 53 0
33 54 0
33 55 0
33 56 37
33 57 188
33 58 217
33 59 294
33 60 280
33 61 360
33 62 247
33 63 222
33 64 328
33 65 200
33 66 306
33 67 279
33 68 286
33 69 199
33 70 398
33 71 264
33 72 357
33 73 412
33 74 296
33 75 195
33 76 168
33 77 262
33 78 338
33 79 236
33 80 275
33 81 203
33 82 271
33 83 246
33 84 212
33 85 235
33 86 265
33 87 72
33 88 72
33 89 160
33 90 98
33 91 145
33 92 112
33 93 111
33 94 110
33 95 125
33 96 139
33 97 178
33 98 225
33 99 164
33 100 159
33 101 388
33 102 296
33 103 287
33 104 280
33 105 253
33 106 232
33 107 186
33 108 162
33 109 215
33 110 288
33 111 120
33 112 324
33 113 237
33 114 304
33 115 165
33 116 282
33 117 207
33 118 252
33 119 81
34 1 190
34 2 274
34 3 190
34 4 266
34 5 186
34 6 264
34 7 231
34 8 313
34 9 330
34 10 445
34 11 612
34 12 969
34 13 779
34 14 438
34 15 361
34 16 732
34 17 725
34 18 423
34 19 280
34 20 546
34 21 1042
34 22 930
34 23 670
34 24 549
34 25 340
34 26 717
34 27 1241
34 28 1446
34 29 1550
34 30 2110
34 31 2185
34 32 2302
34 33 15484
34 34 70572
34 35 28141
34 36 4747
34 37 2235
34 38 1243
34 39 2320
34 40 1243
34 41 264
34 42 166
34 43 254
34 44 199
34 45 123
34 46 135
34 47 177
34 48 173
34 49 168
34 50 10
34 51 0
34 52 0
34 53 0
34 54 0
34 55 0
34 56 15
34 57 81
34 58 92
34 59 144
34 60 149
34 61 181
34 62 122
34 63 115
34 64 172
34 65 100
34 66 159
34 67 223
34 68 220
34 69 194
34 70 341
34 71 208
34 72 367
34 73 518
34 74 257
34 75 115
34 76 117
34 77 194
34 78 413
34 79 379
34 80 397
34 81 241
34 82 334
34 83 267
34 84 290
34 85 292
34 86 379
34 87 128
34 88 95
34 89 221
34 90 170
34 91 253
34 92 246
34 93 277
34 94 283
34 95 265
34 96 225
34 97 232
34 98 279
34 99 281
34 100 360
34 101 478
34 102 231
34 103 186
34 104 163
34 105 154
34 106 154
34 107 139
34 108 75
34 109 112
34 110 174
34 111 61
34 112 302
34 113 191
34 114 119
34 115 63
34 116 167
34 117 197
34 118 293
34 119 85
35 1 153
35 2 274
35 3 234
35 4 268
35 5 254
35 6 294
35 7 279
35 8 369
35 9 376
35 10 579
35 11 644
35 12 853
35 13 553
35 14 312
35 15 279
35 16 514
35 17 488
35 18 307
35 19 212
35 20 336
35 21 769
35 22 823
35 23 621
35 24 511
35 25 310
35 26 684
35 27 1062
35 28 1170
35 29 954
35 30 1158
35 31 1089
35 32 1138
35 33 1946
35 34 28141
35 35 73264
35 36 16139
35 37 4055
35 38 1494
35 39 1891
35 40 823
35 41 214
35 42 114
35 43 176
35 44 160
35 45 109
35 46 106
35 47 157
35 48 124
35 49 124
35 50 10
35 51 0
35 52 0
35 53 0
35 54 0
35 55 0
35 56 10
35 57 55
35 58 79
35 59 98
35 60 126
35 61 133
35 62 84
35 63 73
35 64 140
35 65 78
35 66 95
35 67 147
35 68 162
35 69 127
35 70 242
35 71 185
35 72 281
35 73 380
35 74 204
35 75 96
35 76 109
35 77 174
35 78 345
35 79 325
35 80 332
35 81 234
35 82 257
35 83 295
35 84 276
35 85 271
35 86 350
35 87 132
35 88 101
35 89 242
35 90 136
35 91 229
35 92 239
35 93 299
35 94 291
35 95 279
35 96 224
35 97 199
35 98 271
35 99 290
35 100 376
35 101 380
35 102 158
35 103 148
35 104 132
35 105 133
35 106 118
35 107 74
35 108 70
35 109 109
35 110 143
35 111 43
35 112 197
35 113 135
35 114 93
35 115 41
35 116 109
35 117 162
35 118 173
35 119 71
36 1 170
36 2 264
36 3 230
36 4 288
36 5 211
36 6 340
36 7 307
36 8 425
36 9 415
