1 1 55736
1 2 16636
1 3 5240
1 4 2484
1 5 2454
1 6 1888
1 7 1020
1 8 683
1 9 722
1 10 846
1 11 1116
1 12 1143
1 13 895
1 14 817
1 15 560
1 16 623
1 17 701
1 18 609
1 19 722
1 20 565
1 21 636
1 22 676
1 23 531
1 24 577
1 25 400
1 26 505
1 27 713
1 28 670
1 29 613
1 30 491
1 31 411
1 32 488
1 33 586
1 34 645
1 35 573
1 36 948
1 37 761
1 38 616
1 39 435
1 40 866
1 41 696
1 42 544
1 43 763
1 44 460
1 45 505
1 46 557
1 47 829
1 48 485
1 49 533
1 50 595
1 51 769
1 52 467
1 53 85
1 54 0
1 55 0
1 56 0
1 57 0
1 58 0
1 59 18
1 60 186
1 61 579
1 62 320
1 63 326
1 64 327
1 65 271
1 66 170
1 67 149
1 68 116
1 69 114
1 70 153
1 71 180
1 72 206
1 73 208
1 74 210
1 75 438
1 76 405
1 77 232
1 78 289
1 79 275
1 80 392
1 81 313
1 82 163
1 83 138
1 84 199
1 85 340
1 86 314
1 87 344
1 88 403
1 89 369
1 90 358
1 91 284
1 92 262
1 93 223
1 94 190
1 95 190
1 96 313
1 97 192
1 98 170
1 99 152
1 100 219
1 101 215
1 102 233
1 103 202
1 104 189
1 105 294
1 106 244
1 107 197
1 108 120
1 109 135
1 110 207
1 111 253
1 112 197
1 113 200
1 114 222
1 115 290
1 116 220
1 117 182
1 118 242
1 119 166
1 120 183
1 121 185
1 122 266
1 123 147
1 124 169
1 125 174
1 126 459
1 127 0
2 1 16636
2 2 66216
2 3 22305
2 4 7022
2 5 5235
2 6 2270
2 7 895
2 8 582
2 9 675
2 10 747
2 11 1629
2 12 1204
2 13 1298
2 14 1171
2 15 901
2 16 870
2 17 579
2 18 607
2 19 685
2 20 841
2 21 753
2 22 555
2 23 508
2 24 743
2 25 641
2 26 605
2 27 914
2 28 864
2 29 686
2 30 663
2 31 594
2 32 693
2 33 825
2 34 947
2 35 932
2 36 622
2 37 1003
2 38 986
2 39 863
2 40 933
2 41 989
2 42 912
2 43 910
2 44 742
2 45 763
2 46 910
2 47 1110
2 48 917
2 49 1044
2 50 998
2 51 769
2 52 424
2 53 114
2 54 0
2 55 0
2 56 0
2 57 0
2 58 0
2 59 11
2 60 224
2 61 405
2 62 366
2 63 308
2 64 602
2 65 173
2 66 137
2 67 89
2 68 65
2 69 64
2 70 135
2 71 165
2 72 169
2 73 200
2 74 176
2 75 568
2 76 578
2 77 375
2 78 374
2 79 499
2 80 294
2 81 358
2 82 290
2 83 245
2 84 340
2 85 356
2 86 319
2 87 325
2 88 391
2 89 380
2 90 440
2 91 347
2 92 200
2 93 231
2 94 352
2 95 318
2 96 199
2 97 148
2 98 92
2 99 106
2 100 184
2 101 177
2 102 226
2 103 301
2 104 308
2 105 218
2 106 264
2 107 189
2 108 145
2 109 169
2 110 183
2 111 322
2 112 315
2 113 336
2 114 307
2 115 213
2 116 327
2 117 322
2 118 303
2 119 259
2 120 296
2 121 303
2 122 245
2 123 111
2 124 165
2 125 136
2 126 244
2 127 0
3 1 5240
3 2 22305
3 3 74966
3 4 16135
3 5 8174
3 6 3650
3 7 1408
3 8 795
3 9 938
3 10 1158
3 11 1906
3 12 1762
3 13 1334
3 14 1256
3 15 860
3 16 912
3 17 879
3 18 915
3 19 973
3 20 793
3 21 880
3 22 826
3 23 704
3 24 869
3 25 547
3 26 602
3 27 861
3 28 917
3 29 745
3 30 667
3 31 526
3 32 672
3 33 740
3 34 929
3 35 900
3 36 1068
3 37 1030
3 38 903
3 39 669
3 40 1091
3 41 848
3 42 786
3 43 924
3 44 582
3 45 580
3 46 784
3 47 1057
3 48 709
3 49 814
3 50 867
3 51 873
3 52 447
3 53 89
3 54 0
3 55 0
3 56 0
3 57 0
3 58 0
3 59 13
3 60 172
3 61 538
3 62 353
3 63 379
3 64 463
3 65 204
3 66 173
3 67 116
3 68 84
3 69 103
3 70 166
3 71 194
3 72 193
3 73 206
3 74 240
3 75 545
3 76 497
3 77 329
3 78 375
3 79 397
3 80 436
3 81 352
3 82 240
3 83 202
3 84 266
3 85 340
3 86 318
3 87 310
3 88 411
3 89 369
3 90 366
3 91 347
3 92 259
3 93 227
3 94 278
3 95 297
3 96 273
3 97 177
3 98 130
3 99 119
3 100 215
3 101 238
3 102 293
3 103 286
3 104 262
3 105 310
3 106 260
3 107 180
3 108 103
3 109 113
3 110 204
3 111 277
3 112 257
3 113 276
3 114 245
3 115 259
3 116 256
3 117 240
3 118 259
3 119 196
3 120 257
3 121 300
3 122 263
3 123 114
3 124 175
3 125 132
3 126 227
3 127 0
4 1 2484
4 2 7022
4 3 16135
4 4 60279
4 5 34757
4 6 5074
4 7 1174
4 8 619
4 9 768
4 10 954
4 11 1889
4 12 1420
4 13 1406
4 14 1314
4 15 1024
4 16 1005
4 17 726
4 18 649
4 19 756
4 20 893
4 21 744
4 22 609
4 23 540
4 24 743
4 25 624
4 26 656
4 27 855
4 28 854
4 29 753
4 30 683
4 31 650
4 32 672
4 33 742
4 34 845
4 35 914
4 36 666
4 37 889
4 38 812
4 39 760
4 40 891
4 41 914
4 42 842
4 43 768
4 44 634
4 45 651
4 46 813
4 47 965
4 48 785
4 49 834
4 50 850
4 51 661
4 52 361
4 53 90
4 54 0
4 55 0
4 56 0
4 57 0
4 58 0
4 59 10
4 60 156
4 61 349
4 62 231
4 63 257
4 64 470
4 65 160
4 66 135
4 67 67
4 68 69
4 69 49
4 70 118
4 71 147
4 72 125
4 73 199
4 74 166
4 75 416
4 76 438
4 77 267
4 78 343
4 79 443
4 80 269
4 81 268
4 82 177
4 83 167
4 84 242
4 85 229
4 86 237
4 87 242
4 88 324
4 89 331
4 90 299
4 91 254
4 92 164
4 93 216
4 94 241
4 95 276
4 96 177
4 97 134
4 98 99
4 99 82
4 100 149
4 101 137
4 102 205
4 103 238
4 104 242
4 105 194
4 106 214
4 107 140
4 108 111
4 109 117
4 110 135
4 111 219
4 112 201
4 113 234
4 114 226
4 115 230
4 116 209
4 117 201
4 118 218
4 119 174
4 120 225
4 121 235
4 122 187
4 123 83
4 124 120
4 125 87
4 126 142
4 127 0
5 1 2454
5 2 5235
5 3 8174
5 4 34757
5 5 63141
5 6 15536
5 7 1931
5 8 736
5 9 989
5 10 1045
5 11 2216
5 12 1589
5 13 1581
5 14 1410
5 15 1093
5 16 1065
5 17 760
5 18 732
5 19 763
5 20 959
5 21 817
5 22 642
5 23 591
5 24 840
5 25 720
5 26 691
5 27 962
5 28 952
5 29 791
5 30 733
5 31 660
5 32 713
5 33 903
5 34 962
5 35 941
5 36 670
5 37 1041
5 38 846
5 39 853
5 40 923
5 41 943
5 42 903
5 43 896
5 44 682
5 45 751
5 46 875
5 47 931
5 48 772
5 49 834
5 50 878
5 51 637
5 52 374
5 53 93
5 54 0
5 55 0
5 56 0
5 57 0
5 58 0
5 59 10
5 60 196
5 61 350
5 62 259
5 63 308
5 64 542
5 65 168
5 66 131
5 67 104
5 68 71
5 69 64
5 70 135
5 71 175
5 72 183
5 73 214
5 74 146
5 75 454
5 76 443
5 77 316
5 78 360
5 79 400
5 80 295
5 81 309
5 82 240
5 83 176
5 84 260
5 85 288
5 86 223
5 87 248
5 88 348
5 89 342
5 90 334
5 91 318
5 92 159
5 93 186
5 94 253
5 95 286
5 96 176
5 97 152
5 98 111
5 99 100
5 100 171
5 101 148
5 102 201
5 103 252
5 104 255
5 105 193
5 106 227
5 107 156
5 108 121
5 109 115
5 110 151
5 111 243
5 112 192
5 113 249
5 114 220
5 115 202
5 116 248
5 117 236
5 118 229
5 119 225
5 120 217
5 121 220
5 122 174
5 123 83
5 124 136
5 125 83
5 126 129
5 127 0
6 1 1888
6 2 2270
6 3 3650
6 4 5074
6 5 15536
6 6 77572
6 7 16417
6 8 2912
6 9 2065
6 10 2056
6 11 1880
6 12 1586
6 13 890
6 14 752
6 15 527
6 16 608
6 17 968
6 18 905
6 19 1036
6 20 513
6 21 629
6 22 776
6 23 617
6 24 577
6 25 322
6 26 368
6 27 598
6 28 602
6 29 457
6 30 430
6 31 343
6 32 466
6 33 497
6 34 570
6 35 483
6 36 1033
6 37 691
6 38 559
6 39 357
6 40 776
6 41 571
6 42 483
6 43 652
6 44 327
6 45 311
6 46 430
6 47 595
6 48 373
6 49 372
6 50 444
6 51 663
6 52 342
6 53 43
6 54 0
6 55 0
6 56 0
6 57 0
6 58 0
6 59 8
6 60 97
6 61 549
6 62 515
6 63 415
6 64 393
6 65 348
6 66 297
6 67 248
6 68 172
6 69 181
6 70 229
6 71 272
6 72 344
6 73 364
6 74 312
6 75 570
6 76 314
6 77 155
6 78 181
6 79 183
6 80 344
6 81 231
6 82 120
6 83 108
6 84 119
6 85 345
6 86 364
6 87 360
6 88 341
6 89 268
6 90 323
6 91 315
6 92 263
6 93 231
6 94 157
6 95 209
6 96 361
6 97 314
6 98 239
6 99 250
6 100 298
6 101 262
6 102 235
6 103 157
6 104 125
6 105 181
6 106 172
6 107 105
6 108 74
6 109 75
6 110 133
6 111 146
6 112 146
6 113 196
6 114 175
6 115 224
6 116 165
6 117 135
6 118 155
6 119 125
6 120 185
6 121 206
6 122 341
6 123 191
6 124 193
6 125 184
6 126 251
6 127 0
7 1 1020
7 2 895
7 3 1408
7 4 1174
7 5 1931
7 6 16417
7 7 76688
7 8 22357
7 9 4253
7 10 2977
7 11 1482
7 12 1142
7 13 383
7 14 315
7 15 206
7 16 280
7 17 687
7 18 715
7 19 909
7 20 215
7 21 333
7 22 589
7 23 411
7 24 264
7 25 128
7 26 120
7 27 291
7 28 248
7 29 191
7 30 168
7 31 125
7 32 181
7 33 210
7 34 224
7 35 214
7 36 838
7 37 345
7 38 221
7 39 131
7 40 431
7 41 208
7 42 149
7 43 261
7 44 97
7 45 118
7 46 143
7 47 227
7 48 116
7 49 144
7 50 180
7 51 392
7 52 164
7 53 14
7 54 0
7 55 0
7 56 0
7 57 0
7 58 0
7 59 1
7 60 38
7 61 537
7 62 671
7 63 498
7 64 315
7 65 499
7 66 490
7 67 459
7 68 359
7 69 333
7 70 376
7 71 441
7 72 594
7 73 493
7 74 487
7 75 565
7 76 157
7 77 60
7 78 65
7 79 71
7 80 224
7 81 156
7 82 38
7 83 30
7 84 56
7 85 257
7 86 326
7 87 328
7 88 231
7 89 214
7 90 275
7 91 236
7 92 264
7 93 184
7 94 86
7 95 135
7 96 483
7 97 443
7 98 403
7 99 370
7 100 383
7 101 277
7 102 196
7 103 71
7 104 49
7 105 141
7 106 101
7 107 49
7 108 25
7 109 28
7 110 57
7 111 104
7 112 64
7 113 61
7 114 127
7 115 155
7 116 77
7 117 49
7 118 78
7 119 52
7 120 79
7 121 119
7 122 380
7 123 249
7 124 283
7 125 245
7 126 270
7 127 0
8 1 683
8 2 582
8 3 795
8 4 619
8 5 736
8 6 2912
8 7 22357
8 8 74793
8 9 24447
8 10 4959
8 11 1522
8 12 961
8 13 315
8 14 241
8 15 142
8 16 209
8 17 568
8 18 615
8 19 730
8 20 167
8 21 278
8 22 486
8 23 335
8 24 196
8 25 118
8 26 110
8 27 195
8 28 191
8 29 139
8 30 114
8 31 87
8 32 98
8 33 142
8 34 148
8 35 127
8 36 650
8 37 206
8 38 139
8 39 77
8 40 363
8 41 124
8 42 106
8 43 170
8 44 72
8 45 64
8 46 73
8 47 142
8 48 84
8 49 89
8 50 105
8 51 335
8 52 130
8 53 10
8 54 0
8 55 0
8 56 0
8 57 0
8 58 0
8 59 2
8 60 22
8 61 465
8 62 492
8 63 386
8 64 230
8 65 422
8 66 427
8 67 402
8 68 337
8 69 317
8 70 302
8 71 362
8 72 445
8 73 324
8 74 425
8 75 324
8 76 110
8 77 25
8 78 40
8 79 54
8 80 213
8 81 112
8 82 34
8 83 20
8 84 34
8 85 176
8 86 244
8 87 220
8 88 202
8 89 147
8 90 191
8 91 206
8 92 276
8 93 141
8 94 67
8 95 95
8 96 361
8 97 383
8 98 412
8 99 384
8 100 271
8 101 258
8 102 124
8 103 42
8 104 28
8 105 88
8 106 52
8 107 39
8 108 14
8 109 26
8 110 49
8 111 68
8 112 61
8 113 49
8 114 98
8 115 120
8 116 57
8 117 31
8 118 43
8 119 29
8 120 53
8 121 82
8 122 305
8 123 223
8 124 255
8 125 221
8 126 217
8 127 0
9 1 722
9 2 675
9 3 938
9 4 768
9 5 989
9 6 2065
9 7 4253
9 8 24447
9 9 76409
9 10 38437
9 11 5083
9 12 1744
9 13 703
9 14 592
9 15 422
9 16 486
9 17 1012
9 18 1025
9 19 1183
9 20 356
9 21 467
9 22 746
9 23 526
9 24 337
9 25 262
9 26 215
9 27 345
9 28 321
9 29 289
9 30 246
9 31 217
9 32 237
9 33 265
9 34 277
9 35 245
9 36 767
9 37 315
9 38 228
9 39 171
9 40 475
9 41 275
9 42 222
9 43 238
9 44 186
9 45 149
9 46 206
9 47 304
9 48 151
9 49 199
9 50 236
9 51 414
9 52 183
9 53 18
9 54 0
9 55 0
9 56 0
9 57 0
9 58 0
9 59 3
9 60 44
9 61 446
9 62 451
9 63 360
9 64 286
9 65 315
9 66 335
9 67 228
9 68 204
9 69 211
9 70 240
9 71 275
9 72 348
9 73 308
9 74 357
9 75 388
9 76 181
9 77 77
9 78 82
9 79 100
9 80 218
9 81 136
9 82 47
9 83 49
9 84 75
9 85 199
9 86 260
9 87 283
9 88 195
9 89 130
9 90 192
9 91 245
9 92 238
9 93 139
9 94 94
9 95 111
9 96 286
9 97 321
9 98 303
9 99 276
9 100 326
9 101 221
9 102 167
9 103 66
9 104 78
9 105 135
9 106 116
9 107 48
9 108 45
9 109 36
9 110 58
9 111 73
9 112 71
9 113 82
9 114 109
9 115 125
9 116 92
9 117 53
9 118 92
9 119 57
9 120 103
9 121 125
9 122 244
9 123 160
9 124 182
9 125 158
9 126 168
9 127 0
10 1 846
10 2 747
10 3 1158
10 4 954
10 5 1045
10 6 2056
10 7 2977
10 8 4959
10 9 38437
10 10 79173
10 11 22736
10 12 3175
10 13 1119
10 14 858
10 15 507
10 16 653
10 17 1398
10 18 1393
10 19 1496
10 20 456
10 21 598
10 22 939
10 23 638
10 24 459
10 25 257
10 26 274
10 27 468
10 28 420
10 29 365
10 30 297
10 31 226
10 32 281
10 33 333
10 34 410
10 35 304
10 36 965
10 37 454
10 38 360
10 39 204
10 40 654
10 41 331
10 42 264
10 43 358
10 44 159
10 45 170
10 46 234
10 47 382
10 48 229
10 49 212
10 50 279
10 51 516
10 52 248
10 53 32
10 54 0
10 55 0
10 56 0
10 57 0
10 58 0
10 59 4
10 60 53
10 61 460
10 62 429
10 63 349
10 64 263
10 65 329
10 66 287
10 67 175
10 68 157
10 69 144
10 70 214
10 71 237
10 72 326
10 73 320
10 74 320
10 75 435
10 76 190
10 77 81
10 78 85
10 79 120
10 80 265
10 81 170
10 82 48
10 83 57
10 84 75
10 85 257
10 86 278
10 87 316
10 88 222
10 89 150
10 90 204
10 91 215
10 92 218
10 93 156
10 94 97
10 95 120
10 96 271
10 97 284
10 98 251
10 99 259
10 100 308
10 101 286
10 102 186
10 103 106
10 104 86
10 105 157
10 106 118
10 107 61
10 108 36
10 109 42
10 110 73
10 111 107
10 112 76
10 113 83
10 114 119
10 115 179
10 116 82
10 117 79
10 118 104
10 119 57
10 120 108
10 121 119
10 122 262
10 123 168
10 124 162
10 125 105
10 126 168
10 127 0
11 1 1116
11 2 1629
11 3 1906
11 4 1889
11 5 2216
11 6 1880
11 7 1482
11 8 1522
11 9 5083
11 10 22736
11 11 48940
11 12 12953
11 13 5890
11 14 3582
11 15 2818
11 16 2482
11 17 1923
11 18 1718
11 19 1690
11 20 1498
11 21 1208
11 22 1022
11 23 993
11 24 1051
11 25 848
11 26 879
11 27 1163
11 28 1085
11 29 845
11 30 798
11 31 672
11 32 725
11 33 850
11 34 903
11 35 852
11 36 821
11 37 954
11 38 752
11 39 645
11 40 900
11 41 879
11 42 784
11 43 832
11 44 586
11 45 553
11 46 691
11 47 819
11 48 610
11 49 739
11 50 654
11 51 617
11 52 331
11 53 92
11 54 0
11 55 0
11 56 0
11 57 0
11 58 0
11 59 10
11 60 142
11 61 364
11 62 289
11 63 271
11 64 343
11 65 197
11 66 170
11 67 100
11 68 94
11 69 64
11 70 120
11 71 160
11 72 193
11 73 232
11 74 209
11 75 448
11 76 365
11 77 236
11 78 279
11 79 239
11 80 237
11 81 221
11 82 156
11 83 163
11 84 186
11 85 279
11 86 253
11 87 238
11 88 278
11 89 243
11 90 248
11 91 212
11 92 194
11 93 152
11 94 148
11 95 177
11 96 196
11 97 175
11 98 120
11 99 146
11 100 183
11 101 174
11 102 226
11 103 194
11 104 167
11 105 172
11 106 200
11 107 129
11 108 106
11 109 106
11 110 110
11 111 169
11 112 169
11 113 169
11 114 155
11 115 155
11 116 174
11 117 146
11 118 165
11 119 133
11 120 174
11 121 158
11 122 166
11 123 74
11 124 71
11 125 64
11 126 98
11 127 0
12 1 1143
12 2 1204
12 3 1762
12 4 1420
12 5 1589
12 6 1586
12 7 1142
12 8 961
12 9 1744
12 10 3175
12 11 12953
12 12 77379
12 13 13580
12 14 4393
12 15 2488
12 16 2669
12 17 2891
12 18 2621
12 19 2499
12 20 1137
12 21 1324
12 22 1354
12 23 1064
12 24 1046
12 25 619
12 26 681
12 27 1010
12 28 1049
12 29 787
12 30 617
12 31 438
12 32 590
12 33 667
12 34 796
12 35 626
12 36 1128
12 37 829
12 38 689
12 39 390
12 40 969
12 41 741
12 42 571
12 43 863
12 44 352
12 45 394
12 46 500
12 47 740
12 48 441
12 49 458
12 50 500
12 51 699
12 52 367
12 53 65
12 54 0
12 55 0
12 56 0
12 57 0
12 58 0
12 59 7
12 60 109
12 61 497
12 62 271
12 63 255
12 64 227
12 65 160
12 66 147
12 67 99
12 68 86
12 69 92
12 70 84
12 71 119
12 72 183
12 73 186
12 74 186
12 75 445
12 76 356
12 77 201
12 78 193
12 79 245
12 80 340
12 81 223
12 82 97
12 83 95
12 84 110
12 85 281
12 86 250
12 87 249
12 88 257
12 89 197
12 90 218
12 91 205
12 92 218
12 93 173
12 94 113
12 95 135
12 96 216
12 97 148
12 98 157
12 99 159
12 100 187
12 101 212
12 102 237
12 103 190
12 104 142
12 105 225
12 106 202
12 107 114
12 108 74
12 109 78
12 110 107
12 111 167
12 112 128
12 113 125
12 114 176
12 115 196
12 116 153
12 117 91
12 118 157
12 119 96
12 120 148
12 121 149
12 122 162
12 123 79
12 124 78
12 125 64
12 126 107
12 127 0
13 1 895
13 2 1298
13 3 1334
13 4 1406
13 5 1581
13 6 890
13 7 383
13 8 315
13 9 703
13 10 1119
13 11 5890
13 12 13580
13 13 43699
13 14 33372
13 15 14914
13 16 10419
13 17 4140
13 18 3270
13 19 2447
13 20 3296
13 21 1932
13 22 1097
13 23 1250
13 24 1543
13 25 1422
13 26 1414
13 27 1592
13 28 1452
13 29 1158
13 30 1082
13 31 852
13 32 819
13 33 886
13 34 947
13 35 935
13 36 461
13 37 870
13 38 809
13 39 760
13 40 743
13 41 895
13 42 864
13 43 865
13 44 720
13 45 705
13 46 664
13 47 748
13 48 590
13 49 695
13 50 563
13 51 478
13 52 346
13 53 81
13 54 0
13 55 0
13 56 0
13 57 0
13 58 0
13 59 12
13 60 161
13 61 207
13 62 107
13 63 99
13 64 190
13 65 66
13 66 54
13 67 22
13 68 25
13 69 23
13 70 38
13 71 51
13 72 52
13 73 80
13 74 60
13 75 237
13 76 314
13 77 247
13 78 274
13 79 288
13 80 174
13 81 237
13 82 179
13 83 149
13 84 187
13 85 156
13 86 147
13 87 127
13 88 163
13 89 170
13 90 117
13 91 157
13 92 109
13 93 90
13 94 142
13 95 140
13 96 88
13 97 51
13 98 27
13 99 37
13 100 94
13 101 94
13 102 182
13 103 226
13 104 214
13 105 142
13 106 209
13 107 165
13 108 122
13 109 110
13 110 153
13 111 154
13 112 137
13 113 120
13 114 119
13 115 102
13 116 149
13 117 154
13 118 158
13 119 140
13 120 131
13 121 125
13 122 55
13 123 32
13 124 33
13 125 25
13 126 34
13 127 0
14 1 817
14 2 1171
14 3 1256
14 4 1314
14 5 1410
14 6 752
14 7 315
14 8 241
14 9 592
14 10 858
14 11 3582
14 12 4393
14 13 33372
14 14 50105
14 15 21919
14 16 14391
14 17 4509
14 18 3725
14 19 2579
14 20 4083
14 21 2099
14 22 1172
14 23 1363
14 24 1692
14 25 1697
14 26 1694
14 27 1721
14 28 1585
14 29 1217
14 30 1045
14 31 931
14 32 932
14 33 977
14 34 949
14 35 931
14 36 425
14 37 851
14 38 810
14 39 774
14 40 721
14 41 901
14 42 848
14 43 772
14 44 771
14 45 777
14 46 640
14 47 672
14 48 596
14 49 637
14 50 515
14 51 457
14 52 287
14 53 99
14 54 0
14 55 0
14 56 0
14 57 0
14 58 0
14 59 9
14 60 145
14 61 196
14 62 86
14 63 88
14 64 170
14 65 59
14 66 36
14 67 26
14 68 20
14 69 28
14 70 31
14 71 43
14 72 44
14 73 66
14 74 56
14 75 205
14 76 282
14 77 252
14 78 290
14 79 280
14 80 145
14 81 201
14 82 160
14 83 188
14 84 194
14 85 173
14 86 141
14 87 134
14 88 179
14 89 184
14 90 126
14 91 113
14 92 76
14 93 100
14 94 144
14 95 176
14 96 66
14 97 67
14 98 24
14 99 43
14 100 79
14 101 106
14 102 171
14 103 240
14 104 219
14 105 151
14 106 184
14 107 203
14 108 152
14 109 146
14 110 145
14 111 143
14 112 132
14 113 122
14 114 127
14 115 99
14 116 147
14 117 125
14 118 148
14 119 145
14 120 127
14 121 136
14 122 58
14 123 16
14 124 18
14 125 14
14 126 23
14 127 0
15 1 560
15 2 901
15 3 860
15 4 1024
15 5 1093
15 6 527
15 7 206
15 8 142
15 9 422
15 10 507
15 11 2818
15 12 2488
15 13 14914
15 14 21919
15 15 39026
15 16 24507
15 17 4418
15 18 3682
15 19 2206
15 20 5493
15 21 2131
15 22 824
15 23 1240
15 24 1745
15 25 1965
15 26 2099
15 27 1728
15 28 1526
15 29 1298
15 30 1363
15 31 1131
15 32 980
15 33 937
15 34 776
15 35 908
15 36 170
15 37 699
15 38 642
15 39 834
15 40 535
15 41 803
15 42 833
15 43 616
15 44 901
15 45 937
15 46 680
15 47 526
15 48 493
15 49 649
15 50 444
15 51 261
15 52 254
15 53 124
15 54 0
15 55 0
15 56 0
15 57 0
15 58 0
15 59 14
15 60 175
15 61 119
15 62 59
15 63 52
15 64 158
15 65 34
15 66 28
15 67 24
15 68 21
15 69 20
15 70 25
15 71 24
15 72 27
15 73 46
15 74 41
15 75 157
15 76 236
15 77 260
15 78 286
15 79 207
15 80 94
15 81 148
15 82 226
15 83 212
15 84 182
15 85 89
15 86 75
15 87 71
15 88 126
15 89 132
15 90 69
15 91 93
15 92 44
15 93 54
15 94 110
15 95 116
15 96 42
15 97 31
15 98 14
15 99 20
15 100 50
15 101 58
15 102 140
15 103 230
15 104 208
15 105 90
15 106 158
15 107 190
15 108 178
15 109 203
15 110 148
15 111 120
15 112 103
15 113 80
15 114 64
15 115 62
15 116 119
15 117 129
15 118 113
15 119 138
15 120 100
15 121 105
15 122 28
15 123 8
15 124 12
15 125 10
15 126 22
15 127 0
16 1 623
16 2 870
16 3 912
16 4 1005
16 5 1065
16 6 608
16 7 280
16 8 209
16 9 486
16 10 653
16 11 2482
16 12 2669
16 13 10419
16 14 14391
16 15 24507
16 16 45132
16 17 14603
16 18 10148
16 19 4967
16 20 7574
16 21 2926
16 22 1323
16 23 1680
16 24 2098
16 25 1917
16 26 1971
16 27 1971
16 28 1670
16 29 1400
16 30 1248
16 31 1009
16 32 950
16 33 904
16 34 849
16 35 892
16 36 331
16 37 752
16 38 642
16 39 707
16 40 614
16 41 845
16 42 817
16 43 704
16 44 750
16 45 775
16 46 704
16 47 624
16 48 581
16 49 617
16 50 530
16 51 352
16 52 252
16 53 101
16 54 0
16 55 0
16 56 0
16 57 0
16 58 0
16 59 11
16 60 143
16 61 140
16 62 64
16 63 67
16 64 157
16 65 43
16 66 30
16 67 18
16 68 16
16 69 23
16 70 27
16 71 36
16 72 39
16 73 60
16 74 58
16 75 162
16 76 239
16 77 256
16 78 285
16 79 249
16 80 136
16 81 160
16 82 153
16 83 143
16 84 158
16 85 110
16 86 102
16 87 98
16 88 127
16 89 148
16 90 80
16 91 96
16 92 68
16 93 81
16 94 102
16 95 110
16 96 50
16 97 42
16 98 29
16 99 24
16 100 83
16 101 94
16 102 183
16 103 232
16 104 227
16 105 135
16 106 181
16 107 171
16 108 133
16 109 142
16 110 136
16 111 134
16 112 124
16 113 99
16 114 96
16 115 71
16 116 101
16 117 131
16 118 128
16 119 131
16 120 106
16 121 100
16 122 33
16 123 20
16 124 18
16 125 10
16 126 28
16 127 0
17 1 701
17 2 579
17 3 879
17 4 726
17 5 760
17 6 968
17 7 687
17 8 568
17 9 1012
17 10 1398
17 11 1923
17 12 2891
17 13 4140
17 14 4509
17 15 4418
17 16 14603
17 17 65398
17 18 32797
17 19 10015
17 20 4017
17 21 2622
17 22 2373
17 23 2230
17 24 1620
17 25 989
17 26 970
17 27 1326
17 28 1156
17 29 977
17 30 728
17 31 468
17 32 572
17 33 623
17 34 703
17 35 511
17 36 925
17 37 619
17 38 502
17 39 314
17 40 728
17 41 553
17 42 428
17 43 600
17 44 304
17 45 376
17 46 367
17 47 557
17 48 328
17 49 364
17 50 431
17 51 572
17 52 310
17 53 53
17 54 0
17 55 0
17 56 0
17 57 0
17 58 0
17 59 6
17 60 75
17 61 374
17 62 191
17 63 192
17 64 146
17 65 164
17 66 116
17 67 74
17 68 65
17 69 50
17 70 63
17 71 75
17 72 112
17 73 113
17 74 166
17 75 288
17 76 244
17 77 130
17 78 185
17 79 166
17 80 250
17 81 192
17 82 99
17 83 74
17 84 95
17 85 242
17 86 199
17 87 185
17 88 176
17 89 139
17 90 125
17 91 156
17 92 189
17 93 138
17 94 87
17 95 101
17 96 143
17 97 135
17 98 103
17 99 108
17 100 184
17 101 212
17 102 283
17 103 174
17 104 137
17 105 204
17 106 213
17 107 135
17 108 80
17 109 62
17 110 102
17 111 124
17 112 102
17 113 87
17 114 110
17 115 156
17 116 95
17 117 76
17 118 109
17 119 77
17 120 109
17 121 116
17 122 129
17 123 47
17 124 48
17 125 42
17 126 66
17 127 0
18 1 609
18 2 607
18 3 915
18 4 649
18 5 732
18 6 905
18 7 715
18 8 615
18 9 1025
18 10 1393
18 11 1718
18 12 2621
18 13 3270
18 14 3725
18 15 3682
18 16 10148
18 17 32797
18 18 56339
18 19 44331
18 20 7830
18 21 3900
18 22 3081
18 23 2752
18 24 1982
18 25 1130
18 26 1105
18 27 1400
18 28 1204
18 29 1015
18 30 684
18 31 470
18 32 588
18 33 616
18 34 684
18 35 549
18 36 877
18 37 646
18 38 525
18 39 330
18 40 749
18 41 543
18 42 445
18 43 595
18 44 339
18 45 344
18 46 407
18 47 569
18 48 323
18 49 358
18 50 417
18 51 556
18 52 292
18 53 60
18 54 0
18 55 0
18 56 0
18 57 0
18 58 0
18 59 8
18 60 87
18 61 332
18 62 231
18 63 195
18 64 171
18 65 184
18 66 89
18 67 93
18 68 53
18 69 61
18 70 64
18 71 91
18 72 119
18 73 125
18 74 172
18 75 308
18 76 241
18 77 144
18 78 173
18 79 149
18 80 259
18 81 222
18 82 88
18 83 111
18 84 103
18 85 231
18 86 231
18 87 181
18 88 178
18 89 143
18 90 118
18 91 147
18 92 158
18 93 136
18 94 88
18 95 98
18 96 149
18 97 139
18 98 89
18 99 117
18 100 216
18 101 238
18 102 251
18 103 173
18 104 113
18 105 225
18 106 181
18 107 101
18 108 73
18 109 75
18 110 111
18 111 131
18 112 101
18 113 102
18 114 124
18 115 174
18 116 94
18 117 96
18 118 97
18 119 74
18 120 108
18 121 98
18 122 138
18 123 72
18 124 61
18 125 55
18 126 69
18 127 0
19 1 722
19 2 685
19 3 973
19 4 756
19 5 763
19 6 1036
19 7 909
19 8 730
19 9 1183
19 10 1496
19 11 1690
19 12 2499
19 13 2447
19 14 2579
19 15 2206
19 16 4967
19 17 10015
19 18 44331
19 19 73208
19 20 17628
19 21 6111
19 22 4671
19 23 3689
19 24 2491
19 25 1313
19 26 1270
19 27 1615
19 28 1353
19 29 963
19 30 613
19 31 421
19 32 580
19 33 580
19 34 728
19 35 503
19 36 1122
19 37 622
19 38 515
19 39 303
19 40 883
19 41 580
19 42 413
19 43 685
19 44 320
19 45 351
19 46 437
19 47 644
19 48 363
19 49 385
19 50 456
19 51 720
19 52 319
19 53 53
19 54 0
19 55 0
19 56 0
19 57 0
19 58 0
19 59 6
19 60 90
19 61 480
19 62 279
19 63 277
19 64 179
19 65 178
19 66 148
19 67 103
19 68 105
19 69 89
19 70 91
19 71 133
19 72 152
19 73 177
19 74 226
19 75 362
19 76 260
19 77 126
19 78 182
19 79 147
19 80 330
19 81 213
19 82 87
19 83 77
19 84 107
19 85 266
19 86 271
19 87 201
19 88 223
19 89 139
19 90 173
19 91 169
19 92 225
19 93 170
19 94 92
19 95 120
19 96 183
19 97 196
19 98 145
19 99 191
19 100 240
19 101 283
19 102 256
19 103 174
19 104 129
19 105 270
19 106 178
19 107 110
19 108 70
19 109 58
19 110 92
19 111 143
19 112 97
19 113 95
19 114 161
19 115 173
19 116 101
19 117 87
19 118 119
19 119 64
19 120 112
19 121 115
19 122 170
19 123 72
19 124 72
19 125 69
19 126 86
19 127 0
20 1 565
20 2 841
20 3 793
20 4 893
20 5 959
20 6 513
20 7 215
20 8 167
20 9 356
20 10 456
20 11 1498
20 12 1137
20 13 3296
20 14 4083
20 15 5493
20 16 7574
20 17 4017
20 18 7830
20 19 17628
20 20 50615
20 21 22064
20 22 4973
20 23 6498
20 24 6415
20 25 4921
20 26 4393
20 27 3321
20 28 2271
20 29 1642
20 30 1447
20 31 1213
20 32 1138
20 33 1063
20 34 996
20 35 1030
20 36 316
20 37 795
20 38 697
20 39 808
20 40 555
20 41 916
20 42 899
20 43 672
20 44 840
20 45 896
20 46 878
20 47 679
20 48 651
20 49 904
20 50 617
20 51 323
20 52 246
20 53 94
20 54 0
20 55 0
20 56 0
20 57 0
20 58 0
20 59 16
20 60 125
20 61 164
20 62 83
20 63 76
20 64 214
20 65 53
20 66 35
20 67 29
20 68 19
20 69 29
20 70 42
20 71 44
20 72 40
20 73 52
20 74 60
20 75 181
20 76 291
20 77 325
20 78 366
20 79 257
20 80 104
20 81 164
20 82 170
20 83 145
20 84 180
20 85 111
20 86 101
20 87 102
20 88 122
20 89 143
20 90 111
20 91 101
20 92 54
20 93 80
20 94 124
20 95 128
20 96 46
20 97 59
20 98 35
20 99 33
20 100 73
20 101 84
20 102 162
20 103 277
20 104 240
20 105 110
20 106 190
20 107 189
20 108 128
20 109 145
20 110 120
20 111 128
20 112 123
20 113 108
20 114 117
20 115 75
20 116 139
20 117 128
20 118 136
20 119 140
20 120 126
20 121 91
20 122 35
20 123 25
20 124 27
20 125 19
20 126 29
20 127 0
21 1 636
21 2 753
21 3 880
21 4 744
21 5 817
21 6 629
21 7 333
21 8 278
21 9 467
21 10 598
21 11 1208
21 12 1324
21 13 1932
21 14 2099
21 15 2131
21 16 2926
21 17 2622
21 18 3900
21 19 6111
21 20 22064
21 21 58856
21 22 19612
21 23 16168
21 24 9518
21 25 4832
21 26 3828
21 27 2895
21 28 2118
21 29 1326
21 30 1038
21 31 764
21 32 812
21 33 836
21 34 915
21 35 805
21 36 682
21 37 770
21 38 657
21 39 524
21 40 734
21 41 781
21 42 680
21 43 726
21 44 601
21 45 570
21 46 649
21 47 714
21 48 513
21 49 565
21 50 490
21 51 516
21 52 303
21 53 83
21 54 0
21 55 0
21 56 0
21 57 0
21 58 0
21 59 12
21 60 127
21 61 287
21 62 137
21 63 125
21 64 174
21 65 101
21 66 77
21 67 60
21 68 44
21 69 47
21 70 51
21 71 60
21 72 65
21 73 81
21 74 102
21 75 216
21 76 291
21 77 225
21 78 263
21 79 221
21 80 209
21 81 195
21 82 121
21 83 127
21 84 142
21 85 187
21 86 163
21 87 140
21 88 165
21 89 153
21 90 127
21 91 127
21 92 123
21 93 117
21 94 111
21 95 126
21 96 93
21 97 66
21 98 54
21 99 66
21 100 103
21 101 122
21 102 208
21 103 222
21 104 169
21 105 162
21 106 191
21 107 165
21 108 99
21 109 116
21 110 128
21 111 146
21 112 122
21 113 127
21 114 123
21 115 129
21 116 139
21 117 123
21 118 118
21 119 104
21 120 148
21 121 108
21 122 95
21 123 47
21 124 24
21 125 28
21 126 42
21 127 0
22 1 676
22 2 555
22 3 826
22 4 609
22 5 642
22 6 776
22 7 589
22 8 486
22 9 746
22 10 939
22 11 1022
22 12 1354
22 13 1097
22 14 1172
22 15 824
22 16 1323
22 17 2373
22 18 3081
22 19 4671
22 20 4973
22 21 19612
22 22 72639
22 23 49152
22 24 10999
22 25 3923
22 26 2833
22 27 2285
22 28 1670
22 29 918
22 30 652
22 31 463
22 32 528
22 33 634
22 34 694
22 35 529
22 36 1161
22 37 612
22 38 501
22 39 320
22 40 807
22 41 574
22 42 433
22 43 656
22 44 344
22 45 383
22 46 399
22 47 569
22 48 307
22 49 307
22 50 411
22 51 617
22 52 332
22 53 38
22 54 0
22 55 0
22 56 0
22 57 0
22 58 0
22 59 6
22 60 93
22 61 449
22 62 228
22 63 194
22 64 133
22 65 191
22 66 131
22 67 94
22 68 79
22 69 61
22 70 53
22 71 95
22 72 121
22 73 128
22 74 197
22 75 289
22 76 263
22 77 149
22 78 158
22 79 200
22 80 335
22 81 253
22 82 120
22 83 100
22 84 94
22 85 233
22 86 266
22 87 210
22 88 210
22 89 150
22 90 159
22 91 172
22 92 212
22 93 138
22 94 90
22 95 114
22 96 152
22 97 145
22 98 122
22 99 135
22 100 209
22 101 230
22 102 210
22 103 147
22 104 130
22 105 221
22 106 183
22 107 112
22 108 65
22 109 72
22 110 117
22 111 143
22 112 97
22 113 89
22 114 134
22 115 162
22 116 92
22 117 104
22 118 104
22 119 65
22 120 123
22 121 120
22 122 172
22 123 56
22 124 71
22 125 50
22 126 80
22 127 0
23 1 531
23 2 508
23 3 704
23 4 540
23 5 591
23 6 617
23 7 411
23 8 335
23 9 526
23 10 638
23 11 993
23 12 1064
23 13 1250
23 14 1363
23 15 1240
23 16 1680
23 17 2230
23 18 2752
23 19 3689
23 20 6498
23 21 16168
23 22 49152
23 23 59751
23 24 15937
23 25 5804
23 26 4004
23 27 2739
23 28 1983
23 29 1105
23 30 771
23 31 622
23 32 720
23 33 716
23 34 765
23 35 617
23 36 833
23 37 621
23 38 502
23 39 409
23 40 744
23 41 598
23 42 481
23 43 629
23 44 480
23 45 514
23 46 464
23 47 558
23 48 370
23 49 420
23 50 385
23 51 513
23 52 307
23 53 53
23 54 0
23 55 0
23 56 0
23 57 0
23 58 0
23 59 7
23 60 131
23 61 333
23 62 175
23 63 151
23 64 148
23 65 105
23 66 83
23 67 46
23 68 50
23 69 46
23 70 36
23 71 72
23 72 94
23 73 95
23 74 128
23 75 257
23 76 244
23 77 195
23 78 213
23 79 183
23 80 245
23 81 232
23 82 132
23 83 117
23 84 115
23 85 189
23 86 194
23 87 161
23 88 189
23 89 115
23 90 120
23 91 150
23 92 129
23 93 126
23 94 86
23 95 97
23 96 118
23 97 97
23 98 63
23 99 96
23 100 140
23 101 168
23 102 200
23 103 153
23 104 128
23 105 163
23 106 149
23 107 147
23 108 101
23 109 100
23 110 151
23 111 124
23 112 77
23 113 101
23 114 100
23 115 128
23 116 84
23 117 91
23 118 100
23 119 80
23 120 118
23 121 123
23 122 102
23 123 38
23 124 32
23 125 34
23 126 46
23 127 0
24 1 577
24 2 743
24 3 869
24 4 743
24 5 840
24 6 577
24 7 264
24 8 196
24 9 337
24 10 459
24 11 1051
24 12 1046
24 13 1543
24 14 1692
24 15 1745
24 16 2098
24 17 1620
24 18 1982
24 19 2491
24 20 6415
24 21 9518
24 22 10999
24 23 15937
24 24 55845
24 25 28909
24 26 12883
24 27 5456
24 28 3418
24 29 1687
24 30 1217
24 31 986
24 32 1006
24 33 1062
24 34 1090
24 35 976
24 36 663
24 37 915
24 38 791
24 39 702
24 40 820
24 41 908
24 42 811
24 43 931
24 44 833
24 45 793
24 46 720
24 47 733
24 48 550
24 49 651
24 50 560
24 51 516
24 52 366
24 53 99
24 54 0
24 55 0
24 56 0
24 57 0
24 58 0
24 59 18
24 60 161
24 61 265
24 62 108
24 63 115
24 64 195
24 65 95
24 66 51
24 67 42
24 68 37
24 69 24
24 70 36
24 71 61
24 72 68
24 73 72
24 74 71
24 75 221
24 76 285
24 77 265
24 78 272
24 79 277
24 80 199
24 81 257
24 82 171
24 83 181
24 84 231
24 85 226
24 86 136
24 87 152
24 88 184
24 89 187
24 90 120
24 91 164
24 92 106
24 93 89
24 94 125
24 95 133
24 96 98
24 97 59
24 98 51
24 99 56
24 100 95
24 101 107
24 102 216
24 103 226
24 104 208
24 105 170
24 106 185
24 107 154
24 108 150
24 109 148
24 110 161
24 111 154
24 112 121
24 113 113
24 114 118
24 115 120
24 116 149
24 117 138
24 118 169
24 119 132
24 120 147
24 121 115
24 122 70
24 123 26
24 124 24
24 125 22
24 126 43
24 127 0
25 1 400
25 2 641
25 3 547
25 4 624
25 5 720
25 6 322
25 7 128
25 8 118
25 9 262
25 10 257
25 11 848
25 12 619
25 13 1422
25 14 1697
25 15 1965
25 16 1917
25 17 989
25 18 1130
25 19 1313
25 20 4921
25 21 4832
25 22 3923
25 23 5804
25 24 28909
25 25 38299
25 26 19143
25 27 4865
25 28 2938
25 29 1563
25 30 1389
25 31 1376
25 32 1102
25 33 1089
25 34 868
25 35 1006
25 36 289
25 37 672
25 38 724
25 39 886
25 40 571
25 41 722
25 42 849
25 43 667
25 44 1159
25 45 1103
25 46 657
25 47 557
25 48 493
25 49 588
25 50 470
25 51 290
25 52 283
25 53 147
25 54 0
25 55 0
25 56 0
25 57 0
25 58 0
25 59 11
25 60 217
25 61 124
25 62 58
25 63 53
25 64 152
25 65 39
25 66 26
25 67 17
25 68 19
25 69 18
25 70 31
25 71 28
25 72 33
25 73 48
25 74 42
25 75 188
25 76 253
25 77 308
25 78 236
25 79 239
25 80 131
25 81 222
25 82 294
25 83 311
25 84 274
25 85 122
25 86 88
25 87 88
25 88 113
25 89 111
25 90 91
25 91 104
25 92 49
25 93 71
25 94 124
25 95 122
25 96 38
25 97 31
25 98 22
25 99 30
25 100 60
25 101 55
25 102 154
25 103 230
25 104 193
25 105 112
25 106 151
25 107 209
25 108 263
25 109 236
25 110 208
25 111 129
25 112 100
25 113 93
25 114 69
25 115 94
25 116 136
25 117 148
25 118 159
25 119 170
25 120 111
25 121 70
25 122 36
25 123 11
25 124 19
25 125 8
25 126 25
25 127 0
26 1 505
26 2 605
26 3 602
26 4 656
26 5 691
26 6 368
26 7 120
26 8 110
26 9 215
26 10 274
26 11 879
26 12 681
26 13 1414
26 14 1694
26 15 2099
26 16 1971
26 17 970
26 18 1105
26 19 1270
26 20 4393
26 21 3828
26 22 2833
26 23 4004
26 24 12883
26 25 19143
26 26 33530
26 27 19476
26 28 7879
26 29 2655
26 30 1903
26 31 1864
26 32 1522
26 33 1454
26 34 1259
26 35 1244
26 36 435
26 37 939
26 38 905
26 39 1126
26 40 722
26 41 859
26 42 1062
26 43 819
26 44 1389
26 45 1403
26 46 769
26 47 564
26 48 533
26 49 671
26 50 507
26 51 351
26 52 275
26 53 166
26 54 0
26 55 0
26 56 0
26 57 0
26 58 0
26 59 20
26 60 267
26 61 168
26 62 67
26 63 54
26 64 147
26 65 45
26 66 35
26 67 13
26 68 17
26 69 15
26 70 26
26 71 28
26 72 35
26 73 50
26 74 55
26 75 140
26 76 266
26 77 315
26 78 226
26 79 251
26 80 132
26 81 243
26 82 385
26 83 324
26 84 330
26 85 119
26 86 118
26 87 97
26 88 141
26 89 141
26 90 85
26 91 112
26 92 63
26 93 73
26 94 129
26 95 101
26 96 47
26 97 44
26 98 18
26 99 30
26 100 69
26 101 70
26 102 136
26 103 239
26 104 218
26 105 108
26 106 145
26 107 203
26 108 275
26 109 272
26 110 207
26 111 140
26 112 123
26 113 107
26 114 81
26 115 73
26 116 122
26 117 158
26 118 141
26 119 152
26 120 113
26 121 88
26 122 29
26 123 17
26 124 10
26 125 22
26 126 20
26 127 0
27 1 713
27 2 914
27 3 861
27 4 855
27 5 962
27 6 598
27 7 291
27 8 195
27 9 345
27 10 468
27 11 1163
27 12 1010
27 13 1592
27 14 1721
27 15 1728
27 16 1971
27 17 1326
27 18 1400
27 19 1615
27 20 3321
27 21 2895
27 22 2285
27 23 2739
27 24 5456
27 25 4865
27 26 19476
27 27 52910
27 28 29318
27 29 4743
27 30 2891
27 31 2139
27 32 2048
27 33 2011
27 34 2050
27 35 1820
27 36 932
27 37 1560
27 38 1187
27 39 1177
27 40 1207
27 41 1247
27 42 1298
27 43 1209
27 44 1104
27 45 1104
27 46 981
27 47 895
27 48 768
27 49 853
27 50 713
27 51 621
27 52 394
27 53 120
27 54 0
27 55 0
27 56 0
27 57 0
27 58 0
27 59 17
27 60 239
27 61 290
27 62 129
27 63 147
27 64 213
27 65 94
27 66 56
27 67 41
27 68 34
27 69 25
27 70 49
27 71 55
27 72 70
27 73 94
27 74 79
27 75 293
27 76 398
27 77 337
27 78 353
27 79 431
27 80 254
27 81 314
27 82 292
27 83 255
27 84 273
27 85 214
27 86 178
27 87 151
27 88 233
27 89 211
27 90 140
27 91 144
27 92 107
27 93 144
27 94 167
27 95 193
27 96 86
27 97 55
27 98 38
27 99 50
27 100 104
27 101 103
27 102 242
27 103 290
27 104 292
27 105 178
27 106 231
27 107 195
27 108 173
27 109 179
27 110 198
27 111 201
27 112 173
27 113 165
27 114 141
27 115 141
27 116 199
27 117 155
27 118 184
27 119 143
27 120 167
27 121 139
27 122 61
27 123 30
27 124 33
27 125 24
27 126 51
27 127 0
28 1 670
28 2 864
28 3 917
28 4 854
28 5 952
28 6 602
28 7 248
28 8 191
28 9 321
28 10 420
28 11 1085
28 12 1049
28 13 1452
28 14 1585
28 15 1526
28 16 1670
28 17 1156
28 18 1204
28 19 1353
28 20 2271
28 21 2118
28 22 1670
28 23 1983
28 24 3418
28 25 2938
28 26 7879
28 27 29318
28 28 40412
28 29 10115
28 30 5017
28 31 3545
28 32 2947
28 33 2934
28 34 2760
28 35 2198
28 36 1125
28 37 1876
28 38 1411
28 39 1297
28 40 1206
28 41 1358
28 42 1223
28 43 1331
28 44 1335
28 45 1153
28 46 880
28 47 907
28 48 657
28 49 745
28 50 660
28 51 628
28 52 472
28 53 128
28 54 0
28 55 0
28 56 0
28 57 0
28 58 0
28 59 20
28 60 236
28 61 342
28 62 132
28 63 123
28 64 214
28 65 81
28 66 66
28 67 38
28 68 23
28 69 39
28 70 38
28 71 69
28 72 84
28 73 73
28 74 82
28 75 274
28 76 389
28 77 336
28 78 365
28 79 335
28 80 229
28 81 293
28 82 293
28 83 271
28 84 266
28 85 237
28 86 183
28 87 139
28 88 226
28 89 203
28 90 151
28 91 192
28 92 106
28 93 105
28 94 152
28 95 173
28 96 108
28 97 54
28 98 40
28 99 48
28 100 100
28 101 109
28 102 214
28 103 240
28 104 220
28 105 174
28 106 229
28 107 201
28 108 200
28 109 204
28 110 208
28 111 183
28 112 161
28 113 139
28 114 134
28 115 135
28 116 160
28 117 161
28 118 159
28 119 150
28 120 135
28 121 120
28 122 73
28 123 24
28 124 28
28 125 30
28 126 56
28 127 0
29 1 613
29 2 686
29 3 745
29 4 753
29 5 791
29 6 457
29 7 191
29 8 139
29 9 289
29 10 365
29 11 845
29 12 787
29 13 1158
29 14 1217
29 15 1298
29 16 1400
29 17 977
29 18 1015
29 19 963
29 20 1642
29 21 1326
29 22 918
29 23 1105
29 24 1687
29 25 1563
29 26 2655
29 27 4743
29 28 10115
29 29 36768
29 30 25526
29 31 10597
29 32 7942
29 33 6499
29 34 5427
29 35 3155
29 36 1334
29 37 2258
29 38 1349
29 39 1366
29 40 1330
29 41 1399
29 42 1198
29 43 1123
29 44 1090
29 45 1021
29 46 756
29 47 683
29 48 566
29 49 631
29 50 546
29 51 481
29 52 386
29 53 112
29 54 0
29 55 0
29 56 0
29 57 0
29 58 0
29 59 15
29 60 169
29 61 227
29 62 98
29 63 106
29 64 199
29 65 77
29 66 45
29 67 26
29 68 23
29 69 20
29 70 36
29 71 40
29 72 56
29 73 74
29 74 54
29 75 189
29 76 311
29 77 309
29 78 299
29 79 310
29 80 217
29 81 281
29 82 235
29 83 207
29 84 228
29 85 191
29 86 140
29 87 145
29 88 199
29 89 221
29 90 130
29 91 145
29 92 100
29 93 109
29 94 138
29 95 143
29 96 74
29 97 57
29 98 33
29 99 33
29 100 75
29 101 88
29 102 192
29 103 245
29 104 207
29 105 150
29 106 192
29 107 195
29 108 175
29 109 157
29 110 159
29 111 142
29 112 124
29 113 121
29 114 111
29 115 104
29 116 148
29 117 129
29 118 152
29 119 159
29 120 130
29 121 103
29 122 63
29 123 20
29 124 29
29 125 18
29 126 32
29 127 0
30 1 491
30 2 663
30 3 667
30 4 683
30 5 733
30 6 430
30 7 168
30 8 114
30 9 246
30 10 297
30 11 798
30 12 617
30 13 1082
30 14 1045
30 15 1363
30 16 1248
30 17 728
30 18 684
30 19 613
30 20 1447
30 21 1038
30 22 652
30 23 771
30 24 1217
30 25 1389
30 26 1903
30 27 2891
30 28 5017
30 29 25526
30 30 39622
30 31 18647
30 32 10246
30 33 8558
30 34 5685
30 35 3571
30 36 1040
30 37 2264
30 38 1244
30 39 1518
30 40 1135
30 41 1331
30 42 1261
30 43 975
30 44 1204
30 45 1077
30 46 742
30 47 608
30 48 599
30 49 676
30 50 497
30 51 413
30 52 326
30 53 142
30 54 0
30 55 0
30 56 0
30 57 0
30 58 0
30 59 15
30 60 175
30 61 188
30 62 76
30 63 85
30 64 196
30 65 55
30 66 34
30 67 18
30 68 22
30 69 21
30 70 33
30 71 43
30 72 46
30 73 51
30 74 58
30 75 198
30 76 303
30 77 323
30 78 307
30 79 303
30 80 156
30 81 228
30 82 298
30 83 240
30 84 235
30 85 173
30 86 124
30 87 127
30 88 219
30 89 213
30 90 122
30 91 141
30 92 70
30 93 100
30 94 171
30 95 132
30 96 54
30 97 38
30 98 29
30 99 31
30 100 64
30 101 81
30 102 148
30 103 230
30 104 229
30 105 112
30 106 194
30 107 201
30 108 198
30 109 180
30 110 179
30 111 168
30 112 134
30 113 116
30 114 114
30 115 93
30 116 134
30 117 144
30 118 145
30 119 139
30 120 134
30 121 104
30 122 47
30 123 18
30 124 19
30 125 16
30 126 20
30 127 0
31 1 411
31 2 594
31 3 526
31 4 650
31 5 660
31 6 343
31 7 125
31 8 87
31 9 217
31 10 226
31 11 672
31 12 438
31 13 852
31 14 931
31 15 1131
31 16 1009
31 17 468
31 18 470
31 19 421
31 20 1213
31 21 764
31 22 463
31 23 622
31 24 986
31 25 1376
31 26 1864
31 27 2139
31 28 3545
31 29 10597
31 30 18647
31 31 35966
31 32 23483
31 33 13757
31 34 7149
31 35 4183
31 36 764
31 37 2145
31 38 1380
31 39 1826
31 40 979
31 41 1222
31 42 1284
31 43 889
31 44 1467
31 45 1357
31 46 748
31 47 558
31 48 523
31 49 653
31 50 460
31 51 341
31 52 289
31 53 141
31 54 0
31 55 0
31 56 0
31 57 0
31 58 0
31 59 16
31 60 237
31 61 144
31 62 64
31 63 72
31 64 179
31 65 42
31 66 36
31 67 16
31 68 14
31 69 20
31 70 33
31 71 25
31 72 46
31 73 55
31 74 47
31 75 172
31 76 271
31 77 338
31 78 303
31 79 306
31 80 114
31 81 209
31 82 342
31 83 324
31 84 325
31 85 134
31 86 129
31 87 104
31 88 138
31 89 169
31 90 122
31 91 127
31 92 68
31 93 88
31 94 128
31 95 121
31 96 38
31 97 30
31 98 17
31 99 17
31 100 55
31 101 71
31 102 149
31 103 196
31 104 201
31 105 94
31 106 129
31 107 226
31 108 255
31 109 233
31 110 208
31 111 127
31 112 113
31 113 103
31 114 84
31 115 72
31 116 120
31 117 159
31 118 137
31 119 160
31 120 130
31 121 97
31 122 25
31 123 20
31 124 15
31 125 7
31 126 25
31 127 0
32 1 488
32 2 693
32 3 672
32 4 672
32 5 713
32 6 466
32 7 181
32 8 98
32 9 237
32 10 281
32 11 725
32 12 590
32 13 819
32 14 932
32 15 980
32 16 950
32 17 572
32 18 588
32 19 580
32 20 1138
32 21 812
32 22 528
32 23 720
32 24 1006
32 25 1102
32 26 1522
32 27 2048
32 28 2947
32 29 7942
32 30 10246
32 31 23483
32 32 43060
32 33 23787
32 34 10586
32 35 5150
32 36 1388
32 37 2659
32 38 1608
32 39 1816
32 40 1289
32 41 1358
32 42 1345
32 43 1069
32 44 1384
32 45 1214
32 46 800
32 47 681
32 48 595
32 49 638
32 50 612
32 51 441
32 52 343
32 53 146
32 54 0
32 55 0
32 56 0
32 57 0
32 58 0
32 59 23
32 60 222
32 61 209
32 62 94
32 63 104
32 64 183
32 65 76
32 66 37
32 67 27
32 68 15
32 69 21
32 70 28
32 71 30
32 72 44
32 73 61
32 74 51
32 75 215
32 76 313
32 77 306
32 78 324
32 79 314
32 80 170
32 81 253
32 82 307
32 83 276
32 84 318
32 85 190
32 86 156
32 87 133
32 88 205
32 89 193
32 90 126
32 91 154
32 92 68
32 93 98
32 94 157
32 95 160
32 96 72
32 97 56
32 98 20
32 99 37
32 100 73
32 101 86
32 102 174
32 103 257
32 104 208
32 105 132
32 106 188
32 107 189
32 108 222
32 109 193
32 110 200
32 111 136
32 112 155
32 113 131
32 114 115
32 115 104
32 116 151
32 117 188
32 118 142
32 119 161
32 120 132
32 121 140
32 122 47
32 123 22
32 124 22
32 125 21
32 126 32
32 127 0
33 1 586
33 2 825
33 3 740
33 4 742
33 5 903
33 6 497
33 7 210
33 8 142
33 9 265
33 10 333
33 11 850
33 12 667
33 13 886
33 14 977
33 15 937
33 16 904
33 17 623
33 18 616
33 19 580
33 20 1063
